9.999999999999998890e-01
1.000000000000000222e+00
1.000000000000000222e+00
1.000000000000000000e+00
1.000000000000000000e+00
0.000000000000000000e+00
0.000000000000000000e+00
0.000000000000000000e+00
0.000000000000000000e+00
0.000000000000000000e+00
1.751904935021996335e-03
2.250438830465316398e-01
9.999437209336858867e-01
1.292060588177205427e-01
9.598114136670609087e-01
1.898880966311113430e-02
6.360934959021466805e-07
9.872445392320022828e-01
9.985783907309263574e-01
9.999446688188395882e-01
6.542437391702440319e-01
-2.788715881473300822e-06
7.929071973285961583e-01
5.098616890391052259e-01
5.696263612685144306e-02
6.142982603074367311e-04
3.332165138832588868e-03
7.742311364651116579e-01
8.766764135763854826e-01
3.507691977540338020e-03
9.634243077659938592e-01
9.804838300843444765e-01
4.587151244536199373e-04
3.090956105198296444e-01
1.065605562258211290e-06
1.079455628289350058e-02
1.756595767133693475e-01
8.353650683596057780e-01
3.631655560272909616e-02
9.222752346773647192e-01
3.319278453958734304e-02
2.065958812150446838e-03
1.366311666381380676e-03
9.910045964965095155e-01
8.992270741240694328e-05
4.155367686557837715e-05
7.608882546099185809e-03
4.059399822692476567e-01
3.734386287534633221e-07
1.008200208578627875e-02
9.984458270230575083e-01
9.999458771873586116e-01
9.998694920723538715e-01
9.623182879257848876e-01
4.446517199678813315e-01
1.269070454230478151e-01
9.993921650035466619e-01
9.629837933679077366e-01
9.930835785162814844e-01
1.521487756480462417e-01
1.429772277626512869e-03
8.601947037548045571e-01
3.790487202297669630e-07
4.306004859834885903e-04
7.934358616779069520e-03
9.384317732298517178e-01
9.883099703856300655e-01
9.486442005226717322e-01
3.366125604946149791e-02
1.117130978676952635e-04
8.874176255772668886e-01
3.289950622815231498e-03
2.546561870897384727e-01
6.667893002079122722e-01
9.894775000111577512e-01
9.242810541279605774e-01
9.999468672033213767e-01
6.226286685624391470e-01
7.823540795406656867e-02
5.113510148049661419e-01
6.087438366846573690e-01
9.448009696756878295e-01
4.085347105160074682e-02
4.509973697162542733e-02
3.532100785489565369e-07
3.676190211989679876e-07
1.780643580524904623e-01
1.733855075829466899e-05
9.260832959227858208e-01
1.186876587529091904e-03
9.830472391515676645e-01
4.681980284138973630e-02
9.973029162721558372e-01
5.019903619840816083e-04
1.549262488503609300e-02
9.519403264204116116e-04
9.997689828397082756e-01
9.984219809631729170e-01
4.458887044257082710e-01
9.999442532389747340e-01
8.429950912334297497e-01
1.486935395413545025e-01
4.733450466126123413e-01
1.644279242170616686e-03
8.721744061414562488e-01
1.516757166777964010e-02
1.177274851444004844e-01
2.563788049930417964e-02
2.986122237836780213e-01
2.302313151052805956e-03
5.034773507943308690e-01
9.464982421413928870e-01
9.803646394759216731e-01
1.084791525794078504e-01
4.374373663953453852e-05
9.686379203070296651e-01
9.763778639616987887e-01
6.294725985929891172e-07
9.973736216807420618e-01
7.694084241553040826e-01
4.633053935092628370e-04
9.999334766726306611e-01
1.269415861018111845e-05
6.661650584322274218e-07
5.809491277802735221e-01
8.857678399299864225e-01
1.096120263381923661e-05
6.415951162549037301e-01
4.045992990405490033e-04
9.706097842190131164e-01
1.226487266637885654e-01
9.230916757857321464e-01
5.065016195608326027e-02
2.705515440296109575e-01
1.726752835727787989e-03
4.221865087589275062e-02
9.956208644628247173e-01
9.167171518763942428e-01
7.741893959393827407e-01
9.918619594642446025e-01
9.594660226160730554e-01
5.626871114652934880e-01
4.173579847872631310e-02
3.224751268606381172e-01
6.519864129767834348e-06
2.505258690780686024e-04
7.521791436763436423e-01
3.627966692322176094e-07
9.888858134374981512e-01
9.769364631414539923e-01
3.793279557071776997e-01
9.658777342968375423e-01
3.667523342455695898e-07
2.957510339170603170e-04
-1.632839320200552120e-07
9.975834565434054113e-01
9.999327607412373808e-01
9.999034397578718814e-01
1.996953887337608521e-02
-8.607587761764363739e-07
1.783473845583883888e-01
2.373678593406770843e-01
9.999462596777550782e-01
4.779934194316175461e-04
1.078503904084833660e-03
5.799380161329598798e-02
5.109597104826960612e-01
2.572897286757106980e-02
9.635118932144841608e-01
2.059461575824360260e-03
1.865082897196621292e-01
2.328786502527274520e-04
3.703389048330938696e-07
9.962252848850036147e-01
5.287210213242853341e-01
9.995531915156653513e-01
9.951007323904747202e-04
7.076308011222077424e-04
9.803051105807114585e-01
9.225243783353894722e-01
1.617309656483224833e-02
5.437918664134664404e-01
1.666514941452150846e-03
1.231165458641840169e-02
6.705731582385030323e-03
5.663828196555044901e-03
9.999464649516194292e-01
9.442423433934459265e-01
9.521722756445697433e-01
9.999458514352024263e-01
8.848657132047568208e-01
9.999477760320345521e-01
6.543052464900801822e-04
8.839181800294039579e-05
2.406964545760551839e-05
9.810730540389149823e-01
2.531036392948631808e-01
3.710981523550673186e-07
9.723822567516868798e-01
9.755524981024864539e-01
9.981600374704054923e-01
1.360538855061316135e-03
1.368822769165031804e-03
7.136737524650680342e-01
4.239454674353254626e-01
3.522684826515622980e-01
7.029853185876892353e-05
9.530400519861740305e-01
2.882791654038554530e-01
3.477967503074155028e-03
3.635337797502815292e-03
3.824553662059331615e-07
7.936927347251003795e-01
9.763938514771025590e-01
8.492837795991960148e-02
6.203879980312331233e-01
2.642049279411638751e-02
9.937034910871310744e-01
2.513530345294682101e-03
1.833513646246866290e-03
9.999454812516876956e-01
9.999050285961524898e-01
4.848094907457183023e-03
-1.271603037510455789e-04
8.661211538674740140e-01
7.553308730451607778e-01
8.541977602322486929e-01
9.297196474585009973e-01
2.472243528900401333e-01
9.981867011943023060e-01
8.907449962501940988e-01
9.870285293311485963e-01
9.999415609133354144e-01
1.167679382132536035e-04
7.929632489763156766e-02
5.699316071980733422e-01
9.886602493471777775e-01
9.802958485743538120e-01
1.036437538356479310e-01
1.291561528827850532e-02
-3.990404723914143610e-06
7.262928213097225028e-01
6.756570028177625309e-01
8.006556555303122602e-01
2.017389919190018879e-03
1.525923810718645462e-05
9.999302367685877213e-01
6.715757427826299364e-02
5.479181549476687396e-02
1.481376520576994094e-01
7.298264124386901752e-01
2.424350886027931695e-01
2.810226179523784840e-01
1.079854203409703678e-05
9.621515738880367374e-01
4.730442715580138735e-01
9.998771812012697824e-01
1.137070956446927135e-02
1.714345198115279911e-01
9.507989788564147338e-01
8.211649684010100536e-01
7.728777874015865246e-01
2.168705685201651745e-01
9.952968868759087817e-01
1.293301191199304825e-04
1.772680634482326767e-01
1.641906277564132710e-01
4.413434556400646636e-01
9.053546020062818167e-01
6.941391056305852292e-01
4.904943682446182285e-01
1.130653978025893472e-02
3.768242431625581728e-04
9.906786918237996398e-01
3.809472744646570139e-07
3.821397699259675391e-07
3.688232376339623183e-07
3.678836951375010745e-07
3.692408538930121855e-07
2.734893899613245055e-02
2.366534132624358369e-02
6.278271109677561190e-01
9.451139551612461887e-01
5.027289762666970266e-03
9.939649293006751485e-01
9.995704042693274172e-01
1.540038770658524927e-03
3.282542659019166420e-02
2.719985437488027860e-02
6.019226389639103317e-07
4.360958487001979641e-06
4.434937419131181674e-06
9.711716476743663673e-01
9.989199519106448655e-01
2.708905736073495427e-06
3.860106455688467469e-02
4.740174649692214803e-01
5.773510095419425170e-01
9.505182888106502581e-01
8.937886826815563124e-01
6.315795283066938078e-04
1.022258576993730203e-03
2.548752959853761843e-04
2.680143831579298030e-01
3.699262253651560296e-03
9.999449947727839794e-01
9.999282428134714795e-01
9.993821804120383012e-01
5.361395380600250671e-02
3.129048208378168612e-03
9.889017919250626676e-01
1.064227259231366435e-04
1.999279516017797576e-02
8.307467902158353033e-04
9.950689089930845332e-01
9.294219037994252419e-01
9.452250406756500523e-01
4.074699512649888563e-04
9.078652662271757823e-03
5.768374085354884828e-01
9.993163347542208808e-01
9.996247108140329241e-01
9.930574833233746235e-01
2.731281961962001709e-03
9.925255601742695166e-01
9.311658118966807951e-01
9.664056633289261899e-01
3.840507674744256250e-02
2.126625888514646883e-03
6.372810499739319789e-01
4.153162685036656998e-07
9.388540351522599581e-01
3.296867277771958760e-01
9.964698100258440050e-01
8.892262893385622924e-01
8.499955817056187302e-01
1.196573122751319780e-03
7.796145644241717684e-04
1.899658459722608863e-06
9.727889816794299538e-01
8.160524358711748194e-01
4.677762312204713059e-04
8.905415149647756268e-01
9.234003941820277950e-01
3.442713383607600153e-01
9.845675291789334205e-01
3.408696158774048284e-03
4.814984745395489707e-01
9.999463433132365076e-01
8.505350925257535444e-01
1.830170386370595995e-03
5.040193271611308479e-01
3.633677548882264796e-01
1.441481996638863672e-01
3.502199427026498890e-01
9.824175671229619100e-01
9.992205426502395182e-01
1.101015109874074471e-01
7.927265623490920010e-01
3.329618429736579399e-01
6.490687080374142326e-01
9.999457135463462043e-01
5.778728999481867745e-02
1.681664784992613904e-01
9.996567173211693413e-01
9.772590241607621575e-01
9.415976176711438050e-01
1.080197118622567599e-02
4.601109799443019455e-01
9.739440480454416571e-01
4.664837786363461025e-01
9.015524764197594410e-01
9.445235015317334781e-01
1.722781367600543373e-03
1.743273275487532137e-03
2.529492937194232072e-01
9.868655375092915127e-01
1.814466393159248496e-05
5.513025738195219291e-05
9.011284788165961092e-05
4.813846715106304671e-07
9.831453406240637030e-03
9.313879796964622537e-01
9.999253694174684570e-01
8.623662501913396949e-02
3.686463963868428172e-07
3.026769843098262871e-04
1.022559137251781609e-02
8.690252377114267013e-01
3.497667238453008309e-01
2.659291354772293399e-03
9.843363670256043418e-01
9.809700561436245358e-01
1.698519967054309965e-01
9.744259887104956830e-01
9.624079529673055244e-01
9.897202916067664447e-01
8.318430199038943096e-01
9.519048386638688797e-01
3.792940699494146053e-05
4.301949873938738095e-02
9.534591826839873274e-01
4.789176984149551980e-02
1.172880085094446245e-01
9.974550409426774511e-01
9.432760466776775043e-01
9.543647393727151540e-01
8.018618255879907952e-01
7.545685946895656082e-01
9.994863638588205035e-01
3.029263981225075938e-02
9.579473481934608348e-01
1.679319890852173577e-03
9.823934644863948629e-01
-1.322318666313607378e-04
1.288358928100928111e-06
3.694834238627775160e-07
1.816355070876303815e-05
8.962660468463410357e-01
2.475760198924954227e-04
1.183627709986762689e-04
3.775943372120936503e-02
2.385094458084140168e-01
1.589806373673438794e-03
1.894495902071238616e-03
8.945649951353727980e-01
3.309988653908976231e-01
2.448372845765990902e-01
9.642745329529812670e-01
9.259384395177487582e-04
1.215818537422171889e-03
7.521718082924554183e-02
6.210282658315621207e-01
8.301150141623365730e-01
9.931257735081383542e-01
9.987974696132281283e-01
9.032081028337133333e-01
7.515204088069483701e-01
7.507012550709617482e-01
2.034870410146968066e-06
9.442044411114987046e-01
9.724183525589962240e-01
3.694177872510874601e-07
9.719215914579468762e-01
9.852632939137848656e-01
2.738683114292407295e-01
1.055786415643321374e-01
1.037935423519836947e-01
9.372770245668493594e-01
2.176960209150799867e-06
9.631727182119297348e-01
9.941147825596313714e-01
9.975093386810809371e-01
1.718079386607189256e-04
3.150949322547115239e-01
9.340302336773167458e-01
7.994276634136429083e-01
6.962861667428630330e-01
6.937603556727213183e-01
4.366836805012508371e-01
7.205484728249916605e-07
8.584241933395898860e-02
9.861097603368924602e-01
9.969103229450049231e-01
9.959081516205604556e-01
9.616694468091704570e-04
9.775284645260601257e-01
5.968686275329053714e-01
8.560740680333851493e-01
6.211616107455172342e-01
9.956752321370315739e-01
1.966632498478323958e-05
5.377796510361235877e-02
3.753030257356730626e-02
4.999101313024294502e-01
5.414763037769247667e-02
9.601569307405682929e-01
9.538044846221671591e-03
2.375094014914214298e-03
2.767631750512660194e-01
3.799578549157934605e-07
8.532910277167794488e-01
9.865707365200684364e-01
9.847043487662663352e-01
9.740463205321618911e-01
9.765801101368128956e-01
2.870406402960903325e-01
2.644353034048307904e-01
3.704939279571723588e-07
3.682627436944448729e-07
9.975055181083338773e-01
9.938976938655990079e-01
9.912102888132240386e-01
9.363616356725858181e-02
1.354595023374836615e-01
6.608134741524124278e-01
6.964819094026330473e-04
5.298178045246551625e-07
3.238877506160881581e-06
9.643052829492078093e-01
9.999464793432399912e-01
3.002620714375464628e-02
3.063374106932815755e-01
9.659916890022476332e-01
1.829371348514806372e-02
9.999416951931187070e-01
5.068251333842439983e-03
5.476388080321121447e-05
1.267277785832774117e-01
2.374650010609773432e-01
4.785654465572219962e-01
3.856628938374663316e-07
8.434969458088312222e-02
5.917106623909468288e-01
8.978928245541365621e-03
9.999417968816063373e-01
8.814723369675224740e-01
8.054570824750528768e-01
3.673501234262884817e-07
3.651608599751714708e-07
3.732982165120073569e-07
1.253013326132299821e-01
2.918657273576397149e-02
3.058559438345162529e-01
1.649413592458442296e-02
9.948801554567289398e-04
9.966597680654750713e-01
9.663372942935566368e-01
5.042923485960373875e-02
-8.197587278821508978e-07
2.874765382974519765e-02
7.138449050548558716e-01
9.414930093731647132e-01
6.939356326881069847e-01
6.111300509042756346e-01
9.999436837962791813e-01
9.999416679112307360e-01
3.703205033567390115e-07
7.450611535650024549e-03
4.772453220559238693e-03
6.098854331882959390e-03
3.574070642977179579e-01
9.936310801815868565e-01
9.999542925025385331e-01
1.024906262820699937e-01
3.291785927714859991e-03
9.414259201884864758e-01
-9.256397729757272578e-07
6.864190729881975983e-01
9.999404693983254822e-01
1.464961268687748784e-03
4.300478243770132383e-04
2.254812868282118216e-03
2.040433582859839737e-03
2.218284239149884412e-03
1.856552497866860614e-03
2.313791624094365101e-03
3.056097495795158924e-07
1.745602822275586438e-07
2.228176013124082977e-01
9.025659306204375509e-01
9.320327861033891326e-01
9.997386682182048956e-01
9.718945091845487827e-01
3.676597102930577874e-07
5.885049293205256715e-01
9.999449293899403957e-01
7.856184722461631532e-04
9.996820059698426769e-03
9.507377864502069009e-01
8.459667261547993271e-06
4.081589351085625206e-02
9.999279162439073110e-01
3.760507905833125109e-07
2.437779217565066991e-02
9.769099041297906183e-01
9.229194500463141493e-01
2.196250082905111256e-01
7.729579972755025175e-01
1.387034421461517428e-05
9.963750513379001639e-01
9.552959149587521015e-01
9.476684659794326615e-01
-1.913290273527847785e-06
3.209932058194058056e-03
6.671387593109793894e-03
-5.744734466745714795e-06
2.188863092077586968e-03
9.999421772781100781e-01
9.915826216353946787e-01
9.398097247021161005e-01
9.127614176724309081e-01
9.292431081404453064e-01
3.898529891403502393e-07
9.033484063081094195e-01
3.857832186267691754e-01
9.155157252335154316e-01
2.740786034533897707e-04
2.478221507532384719e-05
7.929297359348674856e-02
1.948252757336612511e-04
9.989524130173952354e-01
5.768972368691943978e-03
6.045350343795921218e-07
9.837500620104866218e-04
1.720005816887607616e-03
5.641618378983427043e-04
2.489581288863737117e-04
1.239033783800937193e-04
1.675547525330002585e-04
4.050904963527956424e-05
2.170036046861964691e-04
6.382874120834583899e-05
9.611982293124239352e-01
7.153678641748708600e-01
9.999146329060017990e-01
2.566304061901761557e-06
9.716465607106490321e-01
8.008250558650694241e-04
1.187091877796400598e-03
5.916207210269304184e-01
8.182808558512686403e-01
4.420633000451273335e-04
4.142531966167946832e-05
9.991847769064791107e-01
8.948547495339544966e-01
1.522164393939506779e-03
1.750067936015874787e-04
9.997659233018829639e-01
3.685297172145799029e-05
9.999410420906926777e-01
2.663931614570131182e-02
9.976412261223890354e-01
9.437572737506677578e-01
8.378503087455516085e-02
9.999453557993526198e-01
9.999460853019452866e-01
9.999456858256976499e-01
9.998155758820486128e-01
9.855692668713672555e-01
2.093794003608269449e-02
1.214057467858890328e-02
1.751465563197929579e-02
6.145475610724181886e-02
7.482042326581303179e-04
9.479614222175853921e-01
1.269546011782108314e-06
4.347832618986015481e-03
9.781473642792980483e-01
9.853807124060666167e-01
3.972189026500945741e-01
6.034220023938886325e-03
9.903888149598317758e-01
1.260829389404764800e-01
8.582204667869328674e-01
5.756608242972812706e-01
9.668164509195551481e-01
2.052746342896466254e-03
4.981610360048197207e-05
4.055399684871249105e-02
7.290383204533492896e-04
4.228451402547043700e-03
9.573873198493057166e-03
6.957020132505922425e-03
4.226148002275720295e-01
1.609538536861404378e-06
9.999465614466798158e-01
9.999463328402229401e-01
3.083651532346750115e-02
3.406475237511421006e-01
8.055775698766532746e-04
9.998596903732539509e-01
5.399891538616095055e-01
9.753651502800051443e-01
1.160309141199987876e-01
1.596535445370592110e-02
8.189907930404259906e-01
8.569307161457206945e-01
9.664384787994656500e-01
9.601200466800527966e-01
9.377248071456358858e-01
4.064936750374254504e-01
5.390894836625585995e-01
1.369445759980069677e-01
8.026844517944469182e-01
5.180862432878731161e-01
1.460577389068614998e-05
1.817834832690342443e-05
9.521638019974310030e-01
8.353521247901875002e-01
7.692412646300671453e-01
9.994447308629451632e-01
9.977215245543177291e-01
1.378646127358485384e-03
1.775019894132892585e-03
4.666837781430975009e-04
7.593621908916557695e-02
9.577249790563460152e-01
2.651608701641929629e-03
9.310421881997539284e-01
2.325798136425666074e-01
4.081473065713111525e-01
1.371040863284159542e-02
1.954499023275221847e-01
9.849985123889141159e-01
3.682158289722748728e-07
9.754492024960967900e-01
9.663522767560293047e-01
9.999457690218233052e-01
2.333061745538431327e-04
1.943786175224308154e-06
3.816409512277126881e-01
9.995594754925332115e-01
5.432396946873014887e-01
1.165776250651147069e-03
9.956310042329782339e-01
1.363174353617487922e-03
1.165757791062081630e-03
1.558462080021033678e-03
6.786217873995858962e-01
9.949992743004185680e-01
3.879225332383561026e-07
8.080388086779100032e-01
2.091043821606471107e-05
3.837308018270504900e-07
1.477281032880165546e-01
3.686042663523117823e-07
4.169084341465403298e-01
4.122505280826329055e-01
3.871851356177209991e-01
2.053161210692996397e-01
9.386211672862014089e-05
9.912450627234734579e-01
1.952816817854240161e-01
2.989523856416870240e-01
9.828683039270998956e-01
8.948431886917684874e-01
4.358160916130016637e-07
3.668670916879173165e-07
3.700293806417437553e-05
8.905937599508915170e-01
7.353119236090677191e-01
8.187041314396461544e-01
9.985312347182295767e-01
4.560348505989350598e-02
3.977058785258500372e-05
9.885167165206189266e-03
9.641320402048264571e-01
9.999473386449273526e-01
9.663910984089342238e-01
9.999461839145318276e-01
9.118266328726790659e-01
5.465637332219101807e-02
3.836568656307205900e-03
2.795660815518988436e-03
3.980541877721225329e-03
3.251573057440412459e-03
2.784477854160809507e-01
3.428275835622279222e-01
9.999188303416615131e-01
3.655064419591200209e-01
3.547305683210633109e-01
8.013774489990430627e-01
6.416323380289554734e-01
9.999455022460161935e-01
9.769063417052846754e-01
6.829206608086430159e-03
3.658104994029928725e-01
5.137774300930439964e-01
9.999460722688079395e-01
9.999436002007703328e-01
6.926024727096070921e-02
1.928268911999393232e-03
3.756341618160867479e-02
1.045856089329947197e-01
1.523349090454421406e-01
9.678632886626986620e-03
9.223099325892349931e-01
2.860193241002606784e-03
9.999451926945950309e-01
7.029844247959127213e-01
5.336978094142231788e-01
9.906632965388496581e-01
1.544976123189663667e-02
2.272051387176381512e-02
9.656915415259165192e-01
4.843488915706435638e-02
1.824352591724956636e-04
8.989935068106600369e-01
8.489332956526712826e-01
8.259576370072433393e-01
3.929558785952534848e-07
2.137627123708202986e-03
2.865276217053103203e-01
9.983002588327548610e-01
1.884969779220633523e-01
2.360806972428716177e-01
1.619973324004691240e-01
1.261867565533664540e-02
9.145729946812660716e-01
9.903978232407353310e-01
9.654997397835661799e-01
8.735276996869139055e-01
7.870932052465873241e-01
2.909741242925575249e-04
5.840170804130526694e-01
6.244520369948772243e-02
3.251835889288542253e-02
6.428168349392531233e-01
1.116986290225275846e-01
9.318274282635985450e-02
3.696220055168057353e-07
1.835454101155995499e-01
2.856354468259739501e-02
1.888601253931953758e-02
1.445494768976439675e-03
9.983265322001511066e-01
5.202293706126778217e-01
2.274798729730291846e-01
6.745999575542808158e-01
6.488327910645528228e-05
6.421254470491230711e-05
1.200813403561653598e-06
5.092001840848668984e-03
4.265475037377650797e-02
9.999456701164139982e-01
3.445083139694425761e-07
3.584767978751422501e-01
9.756818145461522152e-01
1.490865363304778035e-01
2.052585694479736739e-03
7.507936781119686287e-04
9.806825424354178589e-01
9.725179247041724206e-01
9.815594710301129844e-01
8.605286478332768718e-01
1.254189788987308167e-03
5.110399666826826240e-03
7.360495296326609038e-01
7.422875498758357837e-01
1.021670839788889340e-02
9.884891489499363360e-01
9.943918021564751575e-01
9.500109535970554520e-01
1.476765382811721927e-01
9.844614130032589561e-01
9.913779963625990455e-01
9.870674342976205606e-01
6.970151964418573598e-02
2.917324317303431579e-04
1.151130095817715814e-04
4.467701591237694531e-02
8.447147536113628341e-01
3.562543761426975042e-01
9.446392107974316277e-01
8.926447865627250289e-02
9.997445192181239060e-01
7.438339410427399212e-01
6.743703397632395680e-01
8.888453655800223618e-01
9.837791452821693650e-01
6.333291192052553642e-01
1.918266956824814240e-01
9.998692099496164776e-01
9.998195258056888912e-01
9.953769857446818081e-01
3.277813665626877807e-04
9.886337241598059933e-01
8.731788615722372304e-01
4.330119317707967902e-02
4.556324785480963396e-02
1.276156171428043287e-05
5.742111992707806914e-06
5.509076111058738945e-06
1.454186904553404570e-05
9.820923282939154619e-01
3.297732112557301420e-02
2.374048971460325318e-05
1.659988149408367169e-06
7.079650371158190403e-01
9.541750035355398563e-01
7.978447424973582336e-02
8.170720983450108221e-01
9.998608767597993996e-01
9.999278269874978253e-01
9.990530531871574249e-01
9.995552127286353450e-01
8.007038026226732334e-06
3.342323471973246418e-01
9.665385156976077363e-01
9.573590973918900682e-01
9.790751395806761570e-01
9.999457885560280035e-01
2.977307380684372282e-07
9.992502208727632729e-01
1.978029520161772858e-01
3.980487303575420688e-01
9.995765589105721771e-01
7.395529263663139230e-02
2.139584357966348438e-01
5.380597503317665741e-04
8.838879075495319482e-01
7.727725962742866272e-01
5.193946484046111367e-01
7.081384800548882433e-07
5.194880785874787765e-07
9.998648108475423069e-01
9.877113883482496748e-01
6.427549587702383787e-04
4.832457201135151697e-06
7.663111394633379675e-07
1.647302344010102100e-03
2.038248259510718353e-03
1.464789986681989675e-01
1.966068803863498804e-01
9.470753351587314921e-05
1.234170912800830943e-03
9.935256783552232074e-01
9.190729978699521130e-01
7.063527395783952834e-01
4.191469156982172706e-01
5.737555032633978591e-01
6.907687149354610479e-02
1.559001803117869060e-05
9.204977187538421202e-01
9.959492679008127292e-01
9.622227925735099552e-01
7.618809201541378178e-06
9.852431678504025570e-01
2.989771444889190600e-03
1.908250972221717636e-04
7.457469865719347545e-04
5.933153729917529018e-04
1.108245628067660487e-03
9.999477782628384270e-01
9.797564649533604397e-01
5.745933788390679142e-01
7.907739278941162686e-01
6.812383406198566903e-07
2.745107943060348665e-01
1.834708747821367503e-01
3.741575885511078808e-02
4.787776950673036267e-04
9.999460728750646510e-01
9.455095374785791318e-01
8.924396401765627809e-07
6.649824480533756965e-01
5.383365395427749389e-01
4.365864926825492875e-01
9.990378079493335006e-01
4.849915861850171815e-06
3.964530317811471583e-01
9.101922503025299260e-01
8.933021875723140548e-01
9.984194526616445575e-01
9.980938433115253972e-01
2.579747476269992137e-02
2.228726681152635655e-02
5.869613797009346490e-01
5.303493388759089426e-04
8.053945500000649895e-04
5.131740645826978354e-04
5.338442848687738676e-04
3.673140726729844841e-07
3.698878222249929459e-01
4.778774718879433281e-01
3.400841802988532891e-02
2.944437474673228250e-02
3.640546984560742716e-02
6.038188800777255505e-01
1.481895080508401352e-01
4.606630885583359869e-01
9.702977129800409717e-01
9.362773421657101247e-01
7.318993940066419457e-01
5.922945799890237152e-03
5.283109205311490274e-03
9.785317191145440630e-01
9.078082193529142252e-01
1.688900075696286819e-03
9.978417646715417311e-01
9.998799685113793911e-01
6.389919241111374770e-01
4.805707617930785741e-02
2.424262456373635008e-02
5.846192797222292681e-01
2.520007547261818998e-02
1.599741601927833629e-02
9.953291367862260319e-01
2.179462650245532506e-04
7.369188031602251776e-01
3.746367096426494459e-01
2.227685170458742481e-01
3.736205022720989591e-07
9.004110205143329715e-01
2.934335758821021711e-01
9.999454715367613877e-01
4.776756140802878442e-02
4.195142273180233611e-02
3.595117863921741975e-03
2.454882043425588578e-01
1.421861070810625551e-02
8.772402334245428535e-03
9.975805993046494846e-01
3.674842700558411073e-07
9.960140126214588330e-01
1.146618231442170371e-01
3.677053629188487009e-07
3.686068107962994710e-07
3.758441558077460175e-07
3.735839125046754024e-07
5.020201017716642605e-07
2.651690933224456863e-03
1.431003369055852421e-03
2.309768058320852563e-04
3.911770935541320007e-07
3.676564494177331255e-07
3.678237872569406620e-07
6.460205737857530051e-02
9.465915548230821042e-01
9.344854996468737740e-01
9.472269810882959495e-01
1.955448672242286190e-01
9.989601782483593650e-01
3.742673547053910164e-03
7.184823804046486240e-01
9.670785222896242095e-01
9.999443008556673229e-01
9.999448332649960580e-01
1.790420190147818530e-03
2.126177915320869305e-01
2.559709537057299530e-03
8.753179336389236287e-01
1.534456132840333583e-04
2.009450295233730123e-03
1.087360255264821295e-04
9.612959846257402852e-01
4.416984669821507059e-01
9.935715828773891145e-01
1.041115646336162768e-03
1.225316474399116944e-03
1.937041778354906359e-06
9.993901944024359274e-01
8.269740678221279007e-01
3.721114037702491148e-07
2.485202391901802617e-04
9.947705927951254745e-01
7.773755160439604905e-01
2.154284431277158143e-02
2.104864132536411400e-02
9.800376967907276082e-01
9.847493400853847278e-01
9.997672087099849225e-01
1.908885968594129651e-02
1.401906735850227785e-02
1.055708688224729214e-01
8.318824430904876721e-03
6.275222526074812901e-01
9.998841637650958125e-01
5.737619642171767342e-01
9.220930737730069771e-01
9.675392035314153150e-01
1.896586276856278008e-01
3.408643400681787283e-01
2.015082304442729899e-01
1.510570528615876873e-01
2.948456058621152246e-05
4.171687810222374682e-07
9.692206121409011402e-03
3.678289699981710653e-02
3.659105948733181891e-07
1.065162140191240728e-04
3.182309187177299648e-06
9.705661181431343154e-01
9.718793889697163735e-01
9.993509241995995884e-01
9.951723856213656738e-01
2.280628707685037615e-01
8.556997613029572181e-01
8.133192805600972797e-01
8.697586295788904964e-01
9.870631309777277984e-01
3.673511897434169060e-01
4.101890697060272539e-01
9.596538891529489135e-01
3.877866827018980221e-07
8.785670969324634871e-01
1.455493414975346381e-03
6.386464499949758358e-03
9.987556198365750149e-01
9.959061745157917755e-01
9.914250329568113917e-01
9.916396366883786229e-01
9.921429443075698851e-01
9.902235739243343549e-01
9.527129180689660748e-01
9.880664863381350971e-01
9.830309664115095547e-01
2.649786326826023171e-03
2.570372093206655523e-03
5.192800835353015287e-01
3.084291756888782321e-01
2.848887555538687777e-01
3.082266870754517621e-02
9.989976372371931479e-01
9.994547457175265714e-01
8.478932633306707212e-01
8.763381864011815514e-01
7.137087428689854463e-01
9.292421835706360378e-01
6.023668416482257371e-01
9.467516256847912093e-01
3.864589727947781720e-07
9.999146226961455053e-01
9.999407048250026353e-01
1.594199161869791215e-01
4.113757961718043227e-02
9.925759069895245812e-01
9.965513004263752972e-01
9.495121868596109183e-01
9.582504944726362162e-01
6.413972805051396664e-01
6.761588016835810106e-05
8.848358793844495196e-01
7.788482960414692124e-01
4.422894031860370445e-01
9.992822461052156546e-01
1.815182637723697888e-03
9.850381867232481659e-01
9.976003536224981039e-01
2.431254071958877973e-03
8.486880421354012771e-01
1.758199275588641754e-03
9.979177194540632678e-01
6.026734786610435934e-01
1.372701549421656043e-02
5.402503484887766216e-01
5.575940066085451896e-01
5.846890172273819936e-02
1.953767256760246818e-01
9.310016763164621345e-01
9.251980213461566960e-01
9.346923531003017427e-01
5.121300514411788463e-01
9.089132143105949763e-05
3.668298116601220824e-03
6.517640488412587176e-04
3.882662463734065520e-05
1.380466955642823679e-01
8.872663858911483681e-01
9.891527013052019146e-02
4.084097824316740700e-04
3.552511685888163598e-04
5.166938216948687573e-04
9.999412170133619160e-01
9.999445584857117320e-01
9.999462246028444357e-01
4.432821038647230599e-07
4.796946893753540886e-01
5.624902321083149470e-01
9.646783573075974338e-01
9.388361874964834541e-01
5.760687146040290550e-03
1.198274840684989545e-02
9.747975510749426475e-02
1.250433704935675350e-01
9.118159319252679140e-02
1.436699522190329759e-01
6.662114862788841574e-01
9.485124959150729174e-01
9.678062710562436837e-06
1.193320377024900848e-04
5.110919202000249184e-01
6.906992058054279085e-03
9.952503580898859337e-01
9.906374197879328491e-01
5.010264131322696990e-01
3.739113812334450213e-03
9.512740202875764606e-01
3.945981079341041105e-04
8.652069625364675609e-01
9.340583543766820540e-01
9.528931214605799171e-01
1.697775383728815975e-03
1.749259194583213444e-03
5.590920410713686589e-02
6.654660586294781997e-04
9.998050345884653689e-01
1.627224906192444309e-01
9.476981530894569294e-01
9.390210292999198183e-01
5.553888904917113623e-01
6.520388255029314949e-04
8.857339565415613958e-01
3.627505395684272327e-01
8.278630283495519437e-01
4.621704360227706365e-01
9.686777875735688159e-01
9.536934466449796810e-01
9.981755294074544649e-01
2.176616603734498510e-06
9.506441100826890089e-01
9.072236574489506156e-01
9.990842467275634631e-01
9.782150052937755857e-01
1.108790080273646577e-03
4.074333639144740493e-05
9.939611413731669343e-01
9.338023422303772803e-01
9.485559182377686360e-01
6.005347324135999580e-03
7.846972748947448340e-01
8.001911109407838785e-01
9.145565551239277502e-01
-9.156681463459543459e-07
1.187916423050651004e-04
9.989278881259909815e-01
6.229233281741530792e-02
2.130109809521808506e-01
4.167676133335342049e-04
9.843463020480182069e-01
4.334723775254817933e-07
4.298626790521404261e-07
1.279139941068677296e-03
1.304059396641040966e-03
1.923490015790573415e-03
1.575606888648930495e-03
2.047667831395949024e-03
2.270179379425663405e-02
9.551869530688313903e-01
9.165969893274035218e-01
9.117432555010839268e-01
9.272388444491639348e-01
8.768529983728611255e-01
8.635506428068940145e-04
8.925946079610993502e-04
9.997687966610219190e-01
9.998900802201735605e-01
7.297972748424096379e-01
7.476452721390830503e-01
2.704575743167928522e-07
9.919236472534839200e-01
9.690251263794188441e-01
9.665738129473218088e-01
3.233383189086856598e-05
1.724885613185891675e-01
1.243119079174922689e-03
7.916699996282488552e-05
9.291891945434618272e-01
3.698648169286276044e-01
1.906280512630660140e-03
9.146428962080604963e-01
9.066168439272408452e-01
1.089620157845610409e-03
3.365785006462131135e-02
9.224525259378283382e-01
2.350731557708241326e-01
9.999459069865284100e-01
9.999468855614190854e-01
9.299260742532313717e-01
4.532961758151411447e-01
9.421632760293887632e-01
7.082373834157562609e-01
3.952396442053064240e-04
3.440896368243761150e-03
9.790405374059603025e-03
1.560737292381657787e-05
2.704341068929488334e-01
2.813583910657832185e-02
3.704944939354821629e-07
6.012421842312496687e-05
1.143961005408094395e-02
9.749038691345629504e-01
1.285229806054858856e-02
2.463480986177405459e-03
8.678897253820579971e-01
2.596652025468129958e-04
5.910638313243581354e-01
5.612769089203373946e-02
9.940657628073390484e-01
5.041157427651175027e-01
3.006915188543408512e-03
3.076892314301266085e-01
3.516293505358802363e-01
4.168301687236523612e-01
8.799229403871978716e-01
2.138071093074271900e-01
3.620041493747255595e-04
1.725425530710862729e-04
1.076987206364799334e-03
9.994170681396701283e-01
9.966056836889253256e-01
9.980594727646869835e-01
9.811808108710379228e-01
9.841431628746988292e-01
9.775215586568498649e-01
4.791430853105998339e-02
9.968767235618757327e-01
6.692365652966962841e-01
5.309870964553085881e-02
4.382238727999079181e-02
8.121403644873305405e-02
9.428438420185192986e-03
9.999274502190081959e-01
9.740274487856838137e-01
5.098461609166986541e-01
9.830571246883565983e-01
9.989133309827449292e-01
9.093932369609354360e-01
6.239856678813147095e-01
6.684699830135316717e-05
5.776279498818814861e-01
7.152335850935224171e-01
9.076581028492128889e-01
9.998702632931247836e-01
1.357609031051340287e-01
2.639288043579904493e-03
8.376817924488585455e-04
3.139581531637209988e-01
2.524076560062673003e-01
4.781537681488642888e-01
-7.048054976824801596e-04
9.857411188929169343e-01
9.569023440638739775e-01
7.942501956641484647e-05
3.646062055355769188e-02
6.809646774607238662e-01
9.999452820908516504e-01
3.726288517978118460e-07
7.691056550797151258e-05
2.636641306648109806e-01
9.999054007867624883e-01
2.581796421896246588e-03
4.435941855084660213e-02
5.717474330855497084e-06
3.674014212054521169e-07
9.773606809072301616e-01
9.730857276316452475e-01
9.924724783468935607e-01
1.425466792963711871e-01
9.988280754749637724e-01
1.470358957451586498e-03
2.247496986540097608e-01
5.996453009563324421e-04
9.394889978790710305e-01
7.978644663570188394e-03
1.253873809935802768e-02
9.999314119878941476e-01
1.899977099808284589e-04
3.170418509992666833e-01
4.017988456808480806e-04
2.097824307459184023e-02
2.894131328915584001e-01
3.370247031521206998e-02
9.999312506500365183e-01
3.852629155785507499e-07
3.719635477703302552e-07
6.838259479058492185e-02
1.121310038516857947e-02
2.580212428395135538e-01
9.808730966389892503e-01
4.466901419848242072e-01
4.088391062720277969e-01
8.500065120150935433e-03
7.085699853411962790e-02
8.100334789255156723e-03
1.114951701829467075e-02
1.098974902672318794e-02
9.876195328640224869e-01
9.522248429763814359e-01
9.496049018541348197e-01
9.549950700675635673e-01
2.475976646326663155e-03
9.809473325922876130e-01
9.999440592818923390e-01
9.996368148342977822e-01
7.985944462507788000e-01
9.999425100330843197e-01
3.710933434753523223e-07
8.257871998185677409e-01
4.732987675183714842e-04
9.869558106562386079e-01
9.802532374972212637e-01
5.697344270827933710e-02
9.207591092358251572e-01
7.355122533726891898e-02
1.088174415475817169e-01
1.085094830986944609e-03
9.594721515324081684e-01
9.589062067881245488e-01
9.999434551335811827e-01
8.225129234459419569e-01
3.504139776124645363e-07
1.025397772550192682e-01
8.017607908199048117e-01
7.080511657523425040e-01
8.072530687096214352e-01
2.826786015691240550e-01
7.521957576948533342e-02
2.046133504112119250e-01
1.441968736080297686e-01
4.702496517978187109e-05
1.375472914177870987e-01
5.454038860794690980e-04
2.375157952391673821e-01
7.457716974651418251e-01
2.293657691362955978e-04
5.928876757195209457e-01
9.999456075056122328e-01
3.255117225833982220e-01
9.256492579242292518e-01
1.265064424758064604e-02
3.499853077783107724e-01
9.914680074263167997e-01
3.628345843321152220e-04
9.720509469130240721e-01
9.999441036920413417e-01
6.852102626445075728e-01
2.117253380427648601e-02
6.355855074809933954e-03
9.700931691348457786e-01
9.588316084963390828e-01
9.532105429261888974e-01
9.679287910800936645e-01
9.905335338855292271e-01
2.146457562778477952e-03
3.100871428142765868e-03
2.139957301025428599e-03
2.258105086491371747e-05
2.644599919831283340e-05
9.610818666772268427e-07
9.989362467146030156e-01
8.104934055274802556e-07
9.983353761011758420e-01
6.436699957491722408e-06
9.789439824155279357e-01
9.767279082988800099e-01
9.694777075283002032e-01
9.170883098831266855e-04
1.420708088784343069e-03
9.847690680117171524e-01
7.775672475964122698e-01
9.765225690129121228e-01
9.965115341896411127e-01
9.682283217122340524e-01
9.998564199200598024e-01
1.981005374879956597e-03
8.978909323003532172e-01
6.413280664750063090e-04
2.027756421053167613e-01
4.700068166697085560e-04
3.646150396559643538e-06
9.154709501696732810e-01
8.121516289153414281e-01
6.888019665475548635e-05
3.774654162866967425e-03
4.614783341497726704e-02
9.726753046570241201e-01
9.901451091492389223e-01
6.985084157707298624e-01
9.952858926861443134e-01
1.810109015393623205e-02
9.587665070785353905e-01
9.433839227568283636e-01
9.627725860555524928e-01
9.999463570710201976e-01
9.964602574890051301e-01
9.968445468394986353e-01
9.979119922711721102e-01
1.256206984354613643e-01
1.126289527870635854e-01
9.368035419308616829e-01
3.762028743286767729e-01
8.281484311670135323e-01
5.813498485302652093e-07
-1.147547926408767281e-05
4.577596326804961378e-07
7.289763156292710863e-03
1.979491342614200788e-01
3.834719584079010479e-02
1.887446350363208803e-03
1.734863730431762717e-03
1.364899336361848298e-04
9.844727255724168291e-01
1.736561092930167432e-03
2.004128825054807012e-03
1.365117089023676995e-03
9.191194940574166482e-04
8.770264575662121143e-01
3.143028051255344207e-02
9.298489602127149145e-06
6.512168387282612754e-05
8.516435410390528205e-01
9.701909723461148438e-01
3.995373093386484940e-04
1.492830716444714973e-04
8.980785824116850335e-01
9.123665622372014727e-01
9.770409738279799416e-01
9.338414528797127634e-01
9.999458994302746762e-01
9.803244611906996031e-01
9.880423490912345619e-01
1.262928522946735882e-02
9.546189370544113650e-01
3.736935717188799228e-07
3.106051191486164462e-03
2.283594055010298085e-04
9.995391666291045807e-01
3.709245478749181174e-02
9.600923519678835616e-01
1.646466812706148530e-01
1.408405691631815435e-02
8.378832916935259334e-01
6.968445889656250340e-04
9.963634070097638924e-04
7.690855434063000873e-01
7.362004511825291919e-01
8.548840987854191553e-01
8.129697086294507269e-01
7.143022952271794734e-01
1.946029202717045135e-03
1.343650347411421975e-01
9.556395485870555762e-01
3.697138712452592961e-07
8.354464573448486808e-01
6.742229886919989257e-01
3.167265000058943573e-03
7.320550877682380172e-06
8.461033298024737137e-01
3.858790589731516359e-07
9.150570322703280857e-01
7.573075755656337726e-01
7.250162911182823910e-02
1.276806483214791219e-03
3.550591363785111088e-01
4.033701226156220214e-07
9.252677406860041476e-01
8.021014973347491720e-04
1.287537638533591544e-01
5.840504555342525272e-02
6.874201030995892787e-05
5.862162825585540855e-06
1.004375981255960504e-01
9.337265602364285266e-01
9.721864455608534294e-01
2.771608272954675378e-01
4.135362254894916139e-05
9.133254937305393950e-01
9.557775586052509320e-01
3.739449168714907762e-07
4.975840446824482431e-07
1.245943634751640362e-02
1.655780074988364402e-03
1.461733107596142065e-03
1.555308760157838189e-03
8.497380592643369020e-06
1.190789152860365352e-01
3.217534582900901524e-02
4.798158345210818548e-03
9.776256153526221571e-01
3.699747697146484855e-07
3.679831706171302075e-07
9.952417725291193840e-01
3.764333522195889015e-01
2.872120274633623294e-01
1.544138734973240804e-05
9.048149633338136155e-01
6.174018095507584054e-07
9.982080373096604564e-01
9.757659136922515186e-01
1.034428707390714214e-01
3.022827775930086447e-01
2.986978138300546399e-06
3.411457310072192883e-01
1.278977165215704481e-01
1.862212324946047326e-01
8.832255432714901655e-01
1.314704946354536552e-01
9.820897754756914289e-01
8.400819743939221386e-05
5.586740515957647757e-01
9.542319948212031333e-01
1.588591348859110311e-03
1.569643692214954100e-03
6.177067252875676189e-04
3.426077855213464744e-03
-4.292120687883741630e-05
6.304488451972655172e-01
6.750671667305254697e-01
2.739838920873011729e-01
6.453138135687921592e-03
4.325994090014599891e-01
2.473642893340194382e-01
2.592591292740660247e-01
4.956899532676486975e-01
8.226128543292937634e-01
2.784544636122755507e-03
9.564772768549183457e-01
9.893486909388622408e-01
1.425530873312830255e-05
7.521556859199902967e-02
9.999464425807658152e-01
3.272201621780677638e-01
3.395278733389375803e-01
9.274249707684161237e-01
9.999352985101440661e-01
9.587921137625563528e-01
3.630738080869834808e-03
7.745886391128715687e-01
4.508313598542110223e-01
1.838423189990689710e-01
9.894426135594385219e-01
4.059363101340357841e-03
1.898909622335671205e-02
2.015468088503242355e-03
7.354657938533004039e-04
2.277939220354031347e-01
1.259425341649746677e-01
8.884494422778703715e-01
4.035980506847744662e-06
9.690028226117116672e-01
9.543245914496876203e-01
2.303702236582854789e-03
9.237617435801293020e-01
7.720848740007522915e-03
9.999468317859265820e-01
6.123876871685017889e-03
7.948703032108028754e-02
7.490064928308555470e-02
8.965721023564539316e-02
9.935549810644069835e-01
9.916032405488487411e-01
3.665438422490997496e-07
4.264505399251653471e-03
9.908081389936062022e-01
9.918878534591242246e-01
1.661869436162751179e-01
6.509898462253624341e-02
1.119090064092426867e-01
3.769360781538271649e-07
2.464169235155422234e-07
9.922740675746972716e-01
9.964741886239543434e-02
3.681900656462183109e-07
3.690677416714684481e-07
2.219658492904222867e-03
2.676302952272920088e-02
9.871032533748084203e-01
9.825005113395550715e-01
2.799610879740068890e-05
7.159874328029602886e-01
7.144779172196500383e-01
1.227883846448556233e-05
4.321894487325931081e-03
9.689469841269547912e-01
2.879971439875882852e-05
9.723347068454600839e-01
9.721602799039155141e-01
9.582973620838765028e-01
2.914915645012821493e-02
8.299954827083115827e-01
1.445414914736220481e-03
9.839583377550272791e-01
4.917537319685689741e-05
1.247482023043741184e-04
9.746394549435190013e-01
1.846289219300121034e-02
7.419050025579578822e-01
8.640073899064718566e-01
7.036360551133532537e-01
2.327640090216614305e-02
2.506525342875643982e-05
2.851102735623867734e-01
2.140160840161007931e-03
9.840348759686319280e-01
3.955331235366597417e-07
9.476679614253128436e-01
8.133581320518454838e-01
3.696146167438518759e-01
3.463298947791888880e-03
2.624018505602606077e-01
1.100570775842275861e-02
1.770681271070463358e-01
8.981549258174408024e-02
9.999465943199714602e-01
9.999467692608208225e-01
9.999461315528621608e-01
9.767907113531498764e-01
9.999574507777435617e-01
9.999492695059321035e-01
3.569947216268631318e-01
9.565064019883753321e-01
9.635111336575775676e-01
1.799234679107632141e-03
3.790867259380296108e-07
3.550887243067867727e-07
3.815419209736913097e-07
7.437896852306536552e-06
1.603514486151555972e-03
9.414182879926280556e-01
9.725933383451080827e-01
9.762565309292503546e-01
9.756842043882377746e-01
9.662422192767486928e-01
1.395365524677606131e-06
7.271797805754331989e-01
1.535416409729538324e-06
1.266690203807779552e-06
3.593939926891520642e-02
9.653651319885022675e-01
2.311422991092564605e-01
6.373469343115697621e-07
-4.204238504482322515e-07
1.518350337463546598e-02
1.750588735468685403e-02
6.753300546835916407e-01
9.357487176664250894e-01
9.408134995561764358e-01
2.432115635039143811e-02
7.487271179504972722e-04
2.643954699645894939e-04
9.999463444106845289e-01
9.619720458907415894e-01
1.986338922460918754e-01
8.635985555258349766e-01
5.457719473360380416e-06
7.906151246898627172e-07
6.773055632470951215e-01
9.831503700561898818e-01
9.781438091635381582e-01
9.879421354638014963e-01
9.996870420741726937e-01
4.200187476114541352e-01
3.711545311595447205e-01
9.803444559816131276e-01
9.689618984836070315e-01
9.313461502416362503e-01
3.761199882303860449e-07
9.999426988269722871e-01
9.999359511888139540e-01
7.378794128453747270e-01
6.784502749113442421e-01
1.005444501457632145e-02
7.138015584893803167e-01
6.328281604738960064e-01
7.193045608841653893e-01
7.710248838399541012e-06
2.450382261965634023e-01
2.909778666259029700e-01
3.545394587586503943e-01
7.153689365508923703e-02
-7.741770685555869820e-07
9.234043857965537061e-01
9.453722895609617538e-01
2.181457429085393029e-01
5.958353012704493827e-07
9.832841994213823433e-01
9.864466219897851662e-01
9.977173716683377380e-01
1.585553364092519117e-04
1.876263136467603686e-03
4.557223125512808726e-01
7.654180606427993805e-01
8.134046661796032751e-01
8.944194427148813853e-01
6.118174528586218439e-07
6.285683190405871867e-01
7.812588399392912386e-01
7.629970253987011786e-01
9.792326128701590582e-01
6.261101975364349436e-04
3.651874771189814570e-07
9.999407410268379426e-01
9.980820244588749501e-01
7.285137651236103240e-01
3.949444695717749948e-02
4.607769854472004711e-01
9.420872166660323455e-01
1.230194490275098073e-03
7.799641831124950464e-01
9.383012165848407804e-01
4.207411115861139780e-07
3.159649178306839917e-02
9.137114387388016457e-02
1.116785490990426094e-01
6.805740526459889972e-02
1.141721295852960241e-03
8.066063098375916285e-01
9.995870269532693975e-01
9.764736364600162810e-01
7.668363505114419443e-01
8.758395541174072152e-01
5.535862544067327139e-07
5.299417109620723210e-01
9.999462926142330677e-01
3.182296222992922474e-02
1.087668100765984414e-02
9.377913866173093194e-03
7.802045784199147967e-03
9.999489550362755663e-01
9.999268394604005072e-01
5.272914665406295276e-01
9.928598729639553921e-01
8.564144256753974949e-01
2.029705653751579840e-06
5.758419902762421329e-06
7.866173040451432952e-01
9.997880845215164625e-01
7.285184123005219448e-01
4.674110878522232948e-01
1.341841427147366095e-01
2.165228598589739515e-04
9.958633354030358431e-01
9.999440024159592655e-01
4.570801886736679531e-01
9.967073530044170404e-01
2.670989459846397907e-01
9.718916363080082332e-01
9.932075606169920023e-01
9.970705315328763918e-01
1.517451307943428612e-02
9.876946082025251927e-01
1.758676892263086600e-01
6.910525156201415831e-01
1.470338966646232530e-02
5.041335997676149594e-02
9.960060926422521499e-01
1.381266653304074926e-04
1.335793414261954217e-03
9.917518438734672023e-03
6.159509326533568752e-01
9.628122862043229091e-01
9.636234802030604341e-01
2.105260121616439432e-03
4.645250839610022553e-02
6.398285091291257276e-02
5.303924345872089441e-02
9.863825966840291670e-01
9.973254510218039215e-01
9.926809191321311898e-01
9.032920987081526380e-04
1.583764635508722388e-02
1.963045686226323402e-02
4.298854286810829817e-03
1.384201144086101046e-05
9.521173286569762917e-01
5.465478599320564568e-01
6.336902217165093498e-01
3.287707292291471798e-03
9.600332501675113983e-01
2.114885985139912215e-06
9.993522558521196197e-01
2.914446512510964881e-03
8.443576595950864627e-01
6.504922372603251235e-01
8.764238827118069342e-01
8.046793950845250176e-01
9.568287183280923536e-01
9.809860095864740837e-01
9.844649586304424771e-01
3.795385700079892954e-01
8.965900723412255635e-01
6.420182232620772478e-01
5.599934204209955357e-01
3.462954243648526664e-01
9.999369685598407109e-01
6.366091041633433617e-03
9.890790325827233387e-01
9.768427981335643384e-01
4.131416744261979905e-03
7.304796464000803957e-02
3.534778686699275446e-02
9.999461557377469223e-01
6.143861730761205342e-01
8.337614403806624663e-01
5.283259626049409408e-02
5.697439574748167646e-01
9.946213528820557759e-01
4.852468848362431197e-01
9.239849483625637433e-03
9.299787478029297727e-01
4.719541975925466148e-02
1.024132327119329500e-01
9.493602085513616062e-01
9.944386030661893638e-01
2.372721167393278003e-03
1.919981406924304856e-01
1.546819479435297129e-01
3.482926308956665190e-02
6.701669922781293811e-04
8.235800982301428501e-04
7.430045398259921925e-04
9.959048737750609837e-01
2.355485220372692534e-01
9.800381516442341345e-01
9.999447845768617560e-01
-9.087634694152943546e-07
6.068431796254190047e-01
7.235492510565477708e-01
9.999448015715918237e-01
9.999464674088763827e-01
9.961568423520957838e-01
5.795849055326425248e-01
4.834734873877497008e-01
9.834748489986459008e-01
9.149743423240080942e-01
7.742792458363846738e-05
9.689050771905225456e-01
1.184407972227291079e-06
1.772902131060822176e-05
9.979979039494963899e-01
9.999445144890066750e-01
1.438538864995201616e-01
2.416183263219206980e-03
1.667048059478728198e-05
2.635677855602893988e-03
1.976851694114861897e-03
9.406042056966480713e-02
9.946910481165753826e-01
2.513766086550202512e-03
6.554021858569630821e-01
7.827461331762997077e-02
6.544634101227227996e-01
1.077629871779052090e-01
1.601601365499698004e-01
2.529511183610473335e-01
9.683216819573694512e-01
8.750980951113437323e-01
2.361764914618340316e-02
5.222567866684278692e-02
1.235767899760228106e-01
9.995770279392722779e-01
2.239209116785621234e-01
2.020526583223152262e-01
2.311145316413528161e-01
1.783450750228749576e-03
8.651518811472677650e-03
9.896164350270687526e-01
2.814254675980918690e-05
1.499116395250525528e-02
6.781251728968894499e-01
6.137053414302247045e-01
3.790235811538433469e-07
7.874127242574512353e-01
4.290915733149183731e-01
2.342615568196888542e-01
5.167796660215462357e-01
4.557338169574908782e-01
4.360919319659558036e-01
4.354755741396057478e-01
3.941267947066132149e-01
4.776799525291395287e-01
4.712174431614691433e-03
4.299683601052518012e-01
7.715284596040463683e-01
7.370080950685261589e-01
1.639459058280685845e-03
6.803042842690947278e-01
1.855666277926676531e-07
3.937969009724576920e-07
1.300328479810531068e-01
2.273232344605989053e-01
9.999295758371065101e-01
9.998822762457608704e-01
9.997727957750962569e-01
2.732273305601760627e-01
1.266320921386527491e-04
1.996191275851771571e-03
1.303268559103040223e-05
3.613988896833542595e-03
8.527193430513884120e-01
7.773825058553286427e-01
7.541408926754408215e-01
1.799436300303471070e-02
4.179471868364417753e-01
4.618421963358700407e-07
3.026977082568151345e-01
2.425160374675759956e-01
3.716038684813388615e-01
3.156220537667071002e-01
5.770850088657049071e-01
3.396181308014026984e-02
2.559519761491517789e-02
9.993843545082570223e-01
3.769930999040685011e-07
8.932487193064301279e-01
8.715817367507361357e-01
6.550739228936279523e-02
2.479550936004261061e-02
3.986830301843475449e-02
2.457767345616983928e-02
1.381374166483223184e-02
2.778763590173487230e-02
3.000358696060924715e-02
1.790137939026893721e-02
9.816581636531664934e-01
3.788282283733507283e-02
3.674084284080711398e-07
1.149498413784332419e-03
8.290297806498292399e-01
8.774096723654115637e-01
8.458106294506356759e-01
7.834096498245267381e-02
9.988889023984749427e-01
6.748527851658526755e-01
5.519021309758001440e-06
9.937907214152463808e-01
9.999261008094642023e-01
2.963986823396614345e-01
8.587526585737349505e-01
9.999303353535369254e-01
1.428398273267861458e-03
9.691554790012928411e-01
9.644396303821426431e-01
9.640850522005879331e-01
9.999435845025905767e-01
9.999348107669755459e-01
9.358764961086844434e-05
3.700383179907193081e-07
3.407061576739806957e-07
3.660387025673610552e-07
3.609574790278407401e-07
3.671772961013488368e-07
3.668587581057069443e-07
8.693622508176614963e-04
3.674833128900946756e-07
3.676536122911415954e-07
3.671033272061993681e-07
2.753362665127801479e-01
1.793122432402645937e-04
4.959712834905157298e-07
9.885816536984787239e-01
5.428923120588285967e-01
8.533390134787613435e-02
9.969405053016617765e-03
1.390114833724598667e-02
1.352144011485006611e-02
3.802327738694600086e-07
3.299977427310598747e-07
3.231149154591287931e-01
5.191876035404949796e-01
4.970943440534047464e-01
9.149573829760454524e-01
-1.094716041921789465e-05
9.964090460772020430e-01
9.976157253514454926e-01
9.999449072170289998e-01
7.578286923756227662e-06
7.357600820552638587e-03
1.821171156974276631e-04
4.646441410705928449e-06
4.000041621051475841e-04
8.277300217803675864e-01
2.589091542881588603e-02
7.542999020429946855e-02
9.894814807389992195e-01
9.472453545954442333e-01
9.448689304892794460e-01
1.818291626133972452e-03
5.025606886937487167e-04
6.725516234581777357e-04
9.858799064136638535e-01
9.997175494951718866e-01
9.998621619354571832e-01
9.999455189754322681e-01
9.434706876441606438e-02
1.141559526362407216e-06
2.320197379070143302e-03
9.974955431933439920e-01
5.684828719088903283e-03
4.788594812424303362e-03
9.924141243166394455e-01
9.653404495533985941e-01
2.583751202615998309e-05
5.886476581607907367e-05
3.674306912743797206e-07
9.999465296239092860e-01
9.999368546565634563e-01
9.999394228472637813e-01
9.999432073181663272e-01
9.998269904293456412e-01
9.464733238011688865e-01
9.569967828665344456e-01
5.554858259216498562e-01
6.448874876040661119e-02
3.551774442539322625e-03
2.959110999481351156e-05
1.288930758714537466e-05
7.566930567087755103e-06
6.714584703681234501e-01
9.443473417636917278e-01
9.443454386012091195e-01
8.742073043509401842e-01
1.761744410821450627e-04
1.725314331915243637e-01
2.501971763028064746e-02
2.560434632445436186e-03
3.695829628013726859e-07
9.999461790734247568e-01
9.999461709920580699e-01
1.750652184753111185e-01
1.556005095724189054e-02
3.686085391018792277e-07
9.999016620697468438e-01
9.999455777755564823e-01
9.999453151502739612e-01
3.698857933511604554e-07
9.968827553485716253e-01
5.756650286538483874e-01
6.950875987204517374e-03
8.365823941418529600e-03
2.180782784965107357e-01
1.689683977059145813e-03
2.024973092870134897e-02
3.048703409379195303e-02
4.376515444804266602e-02
1.965450880097890374e-01
1.379524351905116880e-02
3.673692933204084397e-07
1.952187815928466369e-04
8.824373667413689670e-01
2.014205691670205734e-03
7.650587170768738954e-01
3.678133694271044535e-07
5.991559596673571696e-05
2.757824630873078565e-05
1.553087550425270857e-02
6.046270627646997964e-01
2.058029845944900002e-02
9.239785810035763269e-01
2.987998353229885939e-01
9.385813797276412185e-01
9.889776479790236552e-01
9.902622875713804618e-01
3.972067959144541381e-07
1.762399246226627626e-03
3.361260497213727034e-04
4.913672620702556060e-01
9.998978468754042837e-01
4.664305546795014315e-03
7.287247784558060770e-01
6.522166106074920311e-01
9.330655896706343544e-01
7.614274392084978693e-01
2.258147827857799952e-03
2.434870911470479390e-03
1.772202414050668210e-07
9.639717282853922307e-07
4.164335221057381884e-07
9.075216960412004763e-01
9.997820228180492874e-01
9.995746575685339197e-01
9.998376610304073875e-01
8.623016757004607277e-03
9.606630049597221221e-01
9.663485508269349378e-01
9.605103383456956578e-01
1.264639126616508014e-01
5.856349021819567263e-03
1.744245519628609192e-03
5.516452926049158570e-06
3.341544531026970355e-01
1.538519068754527486e-01
5.827999276106975331e-03
2.542328338006194597e-03
2.435484165155928082e-01
3.639910794154858860e-06
9.361120265813358855e-04
1.463929084820379117e-03
1.616828054948370131e-03
3.569308830253313080e-05
4.678580904216999015e-01
9.777611362338340939e-01
3.676856929664322687e-07
3.675805992895143946e-07
3.678559724296379936e-07
9.227648074720906646e-01
6.438012088432677471e-01
9.639085419538979682e-01
9.503132435408827572e-01
2.178511779821469818e-01
1.757676939447114835e-03
9.041079328096475187e-01
7.097170036345574258e-05
8.836023220148622997e-05
3.432984433628321843e-05
9.999450000140137629e-01
9.370282774460332309e-01
3.824023403194148213e-02
9.996417658586107535e-01
9.167024274846719001e-01
8.651401102697032774e-01
9.943425341075479151e-01
3.761814143839824318e-04
4.635149686874122377e-02
3.746625430837293574e-02
8.521622195197804395e-01
3.733262380120596080e-01
3.180473200948933377e-01
8.959031534836947586e-01
9.547242394112301911e-01
1.922114746899470652e-04
3.429200661961042925e-04
9.999444820176580651e-01
9.999429143056182134e-01
2.818395980621411084e-02
9.241174798961453440e-01
2.822746540761587875e-02
8.947722441330081544e-01
9.875560173744841741e-01
9.670835195246905037e-05
9.999459449453815818e-01
9.999415091448959902e-01
9.127574815217350812e-01
1.264102673174477554e-01
6.772729882561727699e-01
9.993947957408970684e-01
9.938430892845981912e-01
6.377585161062466756e-01
5.472649973915393040e-02
9.720159327876351373e-07
7.190958047698410571e-02
1.311559143033004179e-02
1.009131738781340708e-03
9.998603442610873859e-01
9.999029360571017877e-01
6.301523183703220884e-03
9.708150141796386690e-01
9.972839063518793568e-01
5.440387973992373224e-05
9.887782965281203262e-01
9.350432027333628326e-01
9.220789589800775232e-01
9.094107343166623059e-01
9.567503867570101850e-01
9.644574274800670199e-01
9.720402380013437593e-01
1.696646064712097597e-05
4.026177888282837780e-07
8.660959068191101951e-01
1.504578936075043853e-05
1.029531439270818734e-05
6.939293806065505166e-02
9.999450449050760747e-01
6.339016788530577040e-01
3.357588947878643198e-04
9.999459419795477810e-01
2.706259571541876352e-01
5.237851975353202818e-06
9.422819083099592818e-01
8.731721104666030351e-07
1.149274678536798444e-06
8.768374206943305715e-01
3.848564283878076926e-04
3.686106602630658674e-03
2.372949505080390042e-01
2.395511194996220450e-01
1.590629181989662022e-01
8.616556145415307983e-05
1.217942788522962255e-01
5.500130253168325272e-04
4.149232958308880503e-01
1.255356398331176904e-01
7.995585160969392868e-02
8.085971935657282339e-01
9.089884582930363166e-01
3.809815284721660422e-01
3.693590339852527715e-01
9.578146907188400672e-01
9.596130848804743652e-01
9.495991684878528627e-01
9.376965817754550070e-01
9.464103027964010373e-01
2.306712025253899734e-01
2.776232851766885761e-03
9.993155088238202532e-01
8.271185044373052797e-01
5.455406033960806571e-05
5.238795216322778697e-02
9.881043994636184991e-01
9.822172009058501851e-01
1.370380615834494663e-06
9.859093138142450696e-01
9.999039877249846775e-01
9.333390902793998745e-01
9.999477732572650268e-01
8.674207511914849844e-01
6.239825556929152702e-05
3.774476546055347963e-07
9.352878733236255071e-01
6.531105943040543815e-01
7.953432892734314807e-02
9.984745467078884884e-01
2.226843602438589170e-02
4.378636557749511493e-02
6.510424176168078938e-04
1.402907887610868772e-02
4.743355184241423647e-03
3.898446457390270046e-03
5.225400783850083775e-01
4.759264032124064792e-01
6.059146978319238652e-01
5.623843309494239717e-01
3.207471272005278651e-02
9.981908840499351676e-01
1.937390077692735155e-05
4.801528388252908341e-03
2.805983782112351620e-03
9.608603821291007430e-01
2.727499652175790004e-02
1.649134717155424472e-03
7.528956895089260193e-02
9.999430498676562529e-01
1.215382055130842937e-01
9.242269890898352491e-01
8.961349616157981979e-01
9.986414934014391509e-01
9.621042492407035907e-01
4.396825707958421786e-02
6.030161697399784217e-04
2.874191967746156547e-03
2.688926242103148196e-03
9.440841003619225846e-01
9.513783427062686426e-01
2.775234692988698447e-04
1.344010648103598541e-04
1.087544666316451309e-04
3.199089408181770948e-03
8.020601754580466425e-01
2.359571590142037212e-02
7.536086486524999975e-04
1.552425468809197177e-02
8.016746618266673563e-01
-2.089428771790510999e-06
8.715318612118428954e-01
1.932136422481017064e-03
4.799144258800829081e-05
5.632413452036429957e-01
9.986113572687579376e-01
9.991101829673432189e-01
9.991286692859272511e-01
3.988290173238293906e-07
1.587749867887819832e-03
1.727797684851135754e-03
3.230696548288001179e-04
3.095993135219721930e-04
1.367107214464391939e-04
1.329438859561884621e-04
1.981858394497811038e-01
7.557137329996411745e-01
3.292586246671299066e-01
2.084455977440498146e-04
2.487912042805843886e-05
-5.367270408748968094e-08
3.504617950166367091e-07
5.625869363114731178e-06
9.943412156431300497e-01
9.861411478251593810e-01
6.174297715775605572e-02
1.567318902616408102e-03
9.971080334344386564e-01
6.164576555184154702e-07
9.999402222957461950e-01
9.937900866075990436e-01
7.934309028918449247e-01
3.900311009870725065e-07
9.626898893199223317e-02
3.860397516680925036e-07
4.380231056760844344e-01
2.283290146580815028e-01
2.616727088534668210e-04
3.246979820298757512e-04
1.755844353544506553e-04
8.528467854942307635e-01
2.130672805456178357e-05
9.989240721292188541e-01
2.050861480719580118e-02
9.700298769593546002e-04
9.736276496771094635e-01
3.817363717720065504e-04
6.147832476653454680e-07
4.872063437936716558e-04
7.864495068558612556e-04
7.620556574994135079e-01
4.788256007126863167e-01
1.290871542541640327e-01
1.581688941974890850e-01
8.885571277708534943e-01
8.815183255051860364e-04
9.170621114426396048e-01
1.422892268248831550e-04
2.510124565062896401e-04
9.265374971901380041e-01
1.673205102206977131e-04
7.368219625368764819e-05
3.484024421266101058e-05
9.995943124628202670e-01
9.996744490775727465e-01
6.827109173612631692e-03
2.790075941055081233e-04
5.227643472147300852e-01
2.075436611694931877e-01
6.663470646230147398e-01
1.856275224216513350e-02
9.326081871637810217e-01
4.634143052387628137e-01
7.238099764079862775e-01
6.265682351152719598e-02
6.760781168988246048e-02
1.009160406062208537e-04
8.616629997695249843e-01
9.629016302758912627e-01
9.673986905280216320e-01
9.538382482675810126e-01
9.739566655712033061e-01
6.554233241501011831e-01
9.999460787400491490e-01
1.185044829299263490e-03
4.277174495577575758e-02
9.910004611015281809e-04
9.763303810486000378e-01
9.970002201550374199e-01
2.748210350616734354e-01
6.122814013411457569e-03
7.425117127636544634e-01
9.836991729819870578e-01
3.738665382155173560e-07
1.091463093369992709e-03
9.096260074174056243e-01
9.662019380091935172e-01
8.967591351049864542e-04
1.278670246601909880e-03
9.524278517710024206e-01
9.338920021260882498e-01
1.282261541571480133e-04
5.258583832480334935e-04
4.343142678968428278e-04
9.993942208296580088e-01
9.992399849943490731e-01
9.989120602055597820e-01
8.785933493676570949e-01
9.952715906126811118e-01
9.927030553080427033e-01
3.709800191277332236e-07
1.948910988002584440e-06
2.315386071260099661e-04
3.771509424674060473e-01
2.088784114451629824e-05
9.998253091866683429e-01
9.996768641907674002e-01
9.981485347445608891e-01
9.999380392589090061e-01
3.390107545117913151e-02
9.998963166715842954e-01
6.506089715891995317e-05
7.946748171099681235e-01
3.656133660986331095e-04
6.588686551193974339e-02
1.690378538499565228e-03
5.602929249374937193e-01
1.447900034456377867e-03
1.743909316198259066e-03
5.919302086925470278e-05
8.402561247938217237e-01
7.061792910352647111e-04
9.497877329483559450e-01
4.659369363610652155e-07
9.636099929300155909e-01
1.049288923101591883e-04
3.196525898600230398e-02
3.716780554813251154e-04
9.889510454029866171e-01
9.775841138356871074e-01
5.756901081492419303e-01
9.602292265375607094e-01
1.209845559122029742e-06
9.200351867973803888e-01
1.896687551573590369e-01
1.681356050108533161e-03
9.999256958533340178e-01
1.957162235793471258e-03
9.999497815273694634e-01
9.874798235310742189e-01
1.098767733284426512e-03
6.765525810631901546e-03
8.543245032782947795e-06
4.754871274328610897e-01
5.198659952901707459e-01
5.959512126494527218e-01
3.541761048583737335e-03
9.999456929163893504e-01
9.999454567167894714e-01
3.147520640019057153e-05
1.045209548958549151e-04
5.155985880487025108e-01
9.890079737624615230e-01
7.473946841731327062e-01
8.058058053295118484e-01
7.569871072502188936e-01
9.999331408571252577e-01
5.538330243267537423e-01
4.966174798289767689e-06
2.714985557281893524e-05
9.658286842545479312e-01
9.999463854743230184e-01
9.999462789843144295e-01
6.743562850733287872e-01
5.032747271509815934e-02
5.886616450111168720e-03
8.781514454390761809e-03
9.710993981552366039e-01
9.745981386510363942e-01
9.795920439492741272e-01
9.740207160089927596e-01
-1.192668118055882152e-06
3.727046085157142540e-03
4.776079141075694444e-03
7.285555687616087316e-03
1.222934054598120990e-02
1.008918801442523251e-02
9.998128922041111810e-01
2.624232702855331945e-01
2.696899223255577738e-01
9.856176119791489887e-01
9.996966282653453328e-01
3.366339622696642442e-01
4.249016838659187001e-01
4.398605153329741557e-01
4.707859353564515792e-01
1.667240151829087506e-07
1.403100299626868896e-03
3.425627303297739562e-04
3.252547458178509654e-01
9.981599741666811187e-01
9.933090856095999621e-01
3.683334716119492310e-07
3.693012897723698736e-07
3.678524964457576563e-07
5.520118573606366125e-02
5.134098124431850374e-02
8.298319633309596544e-01
1.436464727277582953e-01
7.382637944317447425e-04
9.999454283368472973e-01
1.636295983423411701e-05
3.460002786715323311e-03
9.998976511370025744e-01
2.533724457224105775e-01
3.499855521216440613e-01
4.340285434744565740e-01
3.673373133191950579e-01
5.154702003619546780e-01
1.783457578717616843e-01
1.114233294646309741e-01
9.459263523875244273e-01
9.311733904664036832e-01
1.457467449587906559e-04
9.327219489322098323e-01
8.938341607265427591e-01
1.241517408415475409e-03
9.053978955955100938e-01
7.481371418639330348e-03
2.084585710175545364e-02
1.927882396348384320e-01
1.356124885110721601e-01
8.619589807126027958e-01
8.613991983015807374e-01
6.081570802368538864e-01
6.478741300361358091e-01
4.540073186669594252e-01
4.456164634422807302e-01
3.548231422093097165e-01
8.836282406150680353e-04
3.903250987024970906e-03
9.717441905357934173e-01
9.935993931443828364e-01
9.995958250606402640e-01
9.185256810463772181e-01
9.564322912560658807e-01
9.997234114768253077e-01
9.999068239762518573e-01
4.256878545018400462e-01
9.685039387182126092e-03
9.375075438802721317e-02
6.374366523978282351e-02
9.733420883230580190e-01
9.736041859468215209e-01
9.972152250797310380e-01
5.370145797958346531e-04
9.258463160605866493e-01
8.865197576596973716e-01
9.383748005513283807e-01
5.534673284538550453e-01
9.363307827394716787e-01
7.061744088011578935e-01
1.461700533545919273e-03
1.291558738215030063e-03
1.389685529645421150e-03
8.590036926939524919e-01
4.905111394930907615e-03
1.216487068480515549e-01
9.538577173939903897e-01
1.962377633941252153e-04
9.653062209292266882e-01
9.997946187878966606e-01
9.720733559309362448e-01
9.918189994263475473e-01
4.828061568437877482e-01
9.999533889319934810e-01
6.223785248731251718e-01
2.077082015587187417e-03
4.199168507762371383e-01
3.888681933588549744e-01
3.559921170786106031e-04
2.576181161484104279e-04
3.199153053250911594e-01
9.138962762529515916e-04
6.275586626410787922e-04
1.862799081735411200e-02
9.923611010516356634e-01
9.941986622233044413e-01
9.219898318053722924e-03
9.446126116360845648e-01
2.164203798211123547e-02
2.500793980552602769e-02
9.978737884880329867e-01
9.978202962334096204e-01
1.160529885394165697e-02
2.021683634099181656e-02
3.165239438310694653e-01
1.154177443338331722e-04
1.899649596185483957e-01
5.875995693599010972e-01
9.052820865760706770e-01
3.741754826350141699e-02
6.708785108811311793e-02
1.970683360788240629e-05
2.318690311547107197e-02
2.974686026535933725e-01
5.930218243541297563e-01
2.750925088953484060e-02
1.828041087742883486e-01
1.947915630103558282e-02
3.706456410788510552e-07
7.596139536190975533e-04
9.935680846662413301e-02
1.836255232656475644e-03
1.448415491281023013e-03
9.999417355551913911e-01
9.944757078882838774e-01
9.964315428404355579e-01
7.592896391705697967e-01
7.775837799537128614e-01
3.909471241668149009e-05
8.797824344791226698e-04
4.196756251735822563e-01
4.195968451706239499e-07
3.801215475526036515e-07
3.515194109259937731e-07
3.605179441937572594e-07
3.735908210792451327e-07
1.939304642257446976e-01
1.704757873294718007e-01
1.716581123402165510e-01
4.112879494113662153e-03
9.469453295946819171e-01
9.530466097818721671e-01
9.552947330321562847e-01
9.960507309414952104e-01
9.954626023790631439e-01
9.943954662278047252e-01
6.358034962085425956e-01
3.792469705702781450e-07
8.183180887369209677e-02
2.542464610611772646e-01
9.173229451318252181e-01
6.039295385336003186e-01
8.309208693671683577e-01
9.472736601281249724e-01
9.999462136584311711e-01
2.817528315409208450e-01
3.974957194080960821e-02
3.854916513734419486e-02
9.415719989564803605e-01
9.351308283439675462e-01
9.282518754971441632e-01
9.705723969140358509e-01
7.489939390438472566e-01
2.313431344030608128e-01
9.889003889285724602e-01
9.899176406215594026e-01
9.922348939964602543e-01
7.152589483516544888e-01
2.797455941875956042e-03
7.662026863111615549e-04
4.875980011840200784e-07
6.619264716458612015e-07
1.241106294109539376e-01
9.998985135285892722e-01
4.218984149253853233e-01
3.310277149872525859e-01
9.992436277159169045e-01
1.620109743896753186e-06
6.171064746973098874e-07
2.469049660189203160e-06
9.865461706284619492e-01
1.381564474181796488e-02
5.090390903712734005e-02
3.419022914593135981e-02
3.683830972493884482e-07
3.685704357146557404e-07
4.013441620007783908e-05
8.151439992494512454e-01
8.750527552100810513e-02
1.559396398055064607e-03
1.482875947278746364e-03
1.643900005672989861e-03
1.422189198918576191e-03
1.463552247768247234e-03
6.778985669702726202e-01
7.013034376800324488e-01
6.244909589152969343e-01
9.985411252772675716e-01
9.982522801816742231e-01
5.889071088258569509e-01
9.644332560739493632e-02
9.791609951474419260e-01
9.158551904017721013e-01
8.454654634725793372e-01
4.190245693398273602e-02
4.732915163441264034e-02
4.452938960856366313e-01
1.175964833314047586e-03
1.060694595900534909e-03
1.265893245961439290e-03
8.818619334157291878e-02
7.027807386464916990e-03
9.999467101820777026e-01
8.239973521728874983e-01
6.442805744298414350e-01
4.889044065675623519e-04
9.999457804116270720e-01
6.434127157818119672e-04
6.152872517048692258e-03
7.931367120261300085e-01
7.298289188855662246e-01
3.555698434606157417e-03
9.568225625821334956e-01
1.510599810129868714e-01
9.499922940998355436e-01
1.693368131764936280e-01
3.996879871113069973e-04
3.705379490091206450e-07
3.705783007229602504e-07
9.942735607272348286e-01
9.820016096525400195e-01
9.578616255578591421e-01
1.148840538571422112e-02
9.887791906574658896e-01
8.862368935971450812e-01
9.130896891385775760e-01
8.924459612239851181e-01
1.066488489398018811e-06
4.009512973751719559e-07
5.153417299244802408e-01
5.824559990049055225e-01
9.900082543085171327e-01
9.886856398398161661e-01
1.418008636408208366e-02
5.446625370553187517e-01
1.990548322747296914e-02
8.344296896684721965e-01
9.481961177355543446e-01
9.814736276931155246e-01
3.797780535114929079e-01
1.118456215820724658e-01
9.692638434784337509e-01
1.776530592461563993e-06
9.975118921284097384e-01
1.354107520625285948e-03
3.853939421898185894e-03
9.999472104140263440e-01
9.999473007840656846e-01
9.822380246600694864e-01
9.032548856745667987e-01
9.729197683638699523e-01
8.692851810663278223e-02
9.635527996389438021e-01
9.582085009208685111e-01
9.696038864851713734e-01
4.952871552522407337e-07
9.975153143477630824e-01
6.997676591727070017e-01
3.267306835064524156e-02
3.230529458601048565e-01
1.152865839312340948e-02
9.402704841098443733e-01
4.717549443821533397e-05
9.602524678115754719e-01
8.703632391502029719e-01
9.501319418327953681e-01
2.681416221857380391e-02
9.010346917055469529e-01
4.978112892116549892e-02
9.988900580272351837e-01
9.989298240803615725e-01
1.584399579450384427e-02
3.056530212131521040e-02
1.291224029752826297e-01
9.855405987383724087e-01
8.017082499390455474e-01
9.584926619367708511e-01
4.799880169093813376e-02
9.166131634679987039e-01
3.422659883767332958e-03
8.110287858012618090e-01
8.288939658373036812e-01
7.711064175360653472e-01
3.238208714775927394e-02
1.723688571657061444e-03
2.364923836060725884e-02
6.885274661459319973e-05
8.901019851633443780e-01
9.781814373993809042e-01
9.735506861632097220e-01
9.769852930505744659e-01
2.991754780502623679e-05
8.524749108920233595e-05
9.974142132342770362e-01
3.679179822469885741e-07
6.226020777363653474e-02
9.817644718587159591e-01
2.562974200670555674e-03
9.464765938016543867e-01
4.788936602972240081e-02
4.235985895309528338e-07
4.880309518259297041e-01
9.998904422378214196e-01
9.874817176077760328e-01
9.602903988516846810e-04
9.999462377021831605e-01
9.999446518275443285e-01
9.202892237811168830e-01
1.749744013690650735e-03
2.673858627172697334e-03
2.982668437123843497e-02
1.322591319474019853e-02
4.923358014694160789e-01
2.793955388793961103e-01
9.368416952655093111e-01
9.092036797321939590e-01
3.308248499164058165e-01
9.997291150314421282e-01
1.904194875583893054e-01
2.491108115712430959e-01
2.316365476300409620e-01
1.498438041714277719e-02
9.903439293814269018e-01
8.029867677855476726e-01
3.725196983614509479e-07
8.583333322956743228e-01
9.999132638263500406e-01
3.710460665755147366e-07
2.513377084238558878e-01
2.198371161126209949e-01
8.214687632985542484e-05
4.206198687458408473e-07
4.870503981851499395e-04
9.917863499226347024e-01
1.284644308387160039e-01
9.988003333999815325e-01
2.877747594944825076e-06
2.565734145335918925e-01
8.874995820056852391e-01
3.814734339111951478e-01
7.937825678543401764e-02
1.162725591803946135e-01
1.540912426960010795e-01
1.203640378508322589e-01
1.572696688457462386e-05
2.399820319388902470e-04
1.125461662045580742e-05
3.260047120934393434e-03
9.817480209394816582e-01
9.823790412382655823e-01
9.868022729652611291e-01
9.447306828939944223e-01
9.999457617121974007e-01
4.937521313927406285e-07
6.344206692341977497e-05
7.207258625385599667e-04
9.032811374378679758e-01
9.920063918967325902e-06
9.999468486005079759e-01
-2.097345355759312212e-05
9.898994585158242820e-01
3.994123012439483311e-01
7.713374633524257007e-01
5.164143072264928145e-04
7.415108681477138308e-01
9.646521721063868737e-01
7.827912063272737253e-01
9.669963123979437025e-01
9.051930450507077452e-01
7.869733036443969654e-03
7.133278078122146093e-02
8.448912921688602751e-01
1.055270992116384143e-01
9.178455943330036948e-02
7.773346779112193239e-02
1.033848249260192614e-01
9.038157580001751068e-01
8.948691570017348607e-01
9.971584528172516837e-01
3.899146501841634777e-02
9.986614271202305382e-01
9.988588123314561251e-01
5.496541322067576285e-01
1.623000594299661660e-03
3.857168199130455843e-03
9.223577672756771983e-01
6.762380496881837955e-01
1.495521993550575635e-01
2.238131637802912022e-03
2.805968767335972891e-01
9.552589673607204679e-01
3.684733056908790234e-07
2.538393242840079056e-01
1.843612189755079386e-03
1.699861057719052326e-01
6.669147071712953068e-01
4.047798408515051669e-03
1.887480821485343482e-03
9.895937974102503309e-01
2.561717490051038191e-03
1.460581116365313511e-03
9.426326431140688317e-05
1.778757727058356830e-01
5.978086053747513201e-02
2.912466563910883280e-02
9.548418284379693866e-01
9.962342915336227511e-01
9.524777278441897144e-01
8.537942906317158576e-01
8.617118217614143649e-01
5.298340030918785018e-04
3.456055169066217791e-01
1.292429808441115657e-01
9.999368286747266632e-01
9.437575264979137790e-01
-4.933520317561991808e-05
9.885391448115847801e-01
1.357548877084074623e-01
1.546795245728215251e-01
9.995105882506208905e-01
9.678290198843159109e-01
3.685988276580864047e-07
4.033701599008440364e-07
9.927347260865897471e-01
2.045829552206992683e-03
6.250711303538647456e-02
8.068085296699769593e-01
4.504947661267488801e-02
1.718021668225273857e-02
3.986745430787428379e-01
3.554814064220456621e-02
7.647339191565395711e-02
1.925153500570706833e-01
3.114651384832820558e-01
2.303493033368788356e-01
1.990367045758788516e-03
2.374951972781172600e-03
2.152000722561043817e-03
9.999442504937119391e-01
9.999455906114669279e-01
1.401650517583758748e-01
1.092061027865778508e-02
8.576398203442844870e-03
3.077405583813879256e-03
4.877892510743704335e-01
9.851519149664129671e-01
9.799970703083847878e-01
9.582003767434378316e-01
9.999453607597540428e-01
9.999449864546249289e-01
5.398096010489064275e-03
5.784047690115627915e-01
9.999462062002010265e-01
9.999459718950493015e-01
9.922319401336862077e-01
9.998081452994822538e-01
9.991426627394808246e-01
9.950938178958330660e-01
7.380915699576130473e-01
6.618229845067808981e-01
1.154975888070090551e-01
9.429903729809388513e-02
1.875482286809522460e-03
4.382245785164147998e-03
9.718628196991357937e-01
9.073382974272673485e-01
8.345581666458504744e-01
4.526825152830741715e-04
9.996606888489116827e-01
1.833117490607911668e-02
5.654044725805233984e-01
1.137583784853781095e-02
4.743082045221880431e-07
4.549155540633609274e-02
8.992185335242358635e-02
1.285574931667110641e-04
1.116266635357016958e-02
7.153948081766285938e-01
2.383884798814183414e-01
1.698539515263314433e-03
1.729472349385150712e-03
1.866132451867138359e-02
9.857640669052166738e-01
2.601356647905898076e-04
4.347020806757521116e-01
3.417770369952561338e-01
1.478610625155191551e-04
2.308171782604904847e-04
3.142993126247235606e-04
4.363453339038693814e-04
9.275017016744676601e-01
4.180907555023681619e-04
3.744524316582472485e-07
1.186723696727374497e-06
-8.153322134232551804e-07
9.947457664275229927e-01
3.109775699732732646e-03
6.193437226594546846e-02
9.997121361438027209e-01
1.831377063963311458e-01
3.341200127765719887e-04
9.285351870594151305e-03
9.958684866981560857e-01
3.745837635271003990e-07
8.809653787735586272e-01
8.902198735421558151e-01
7.708980453668959898e-01
8.254581285378772559e-01
3.989122986790492598e-01
1.521938237372268687e-01
9.988177077424191808e-01
8.923803641399092879e-01
3.011920428195779542e-01
3.675938463623915584e-07
9.991846689834288364e-01
9.999443363986871836e-01
9.877006443653029155e-01
9.849965618419125324e-01
1.463629827832058639e-01
1.710603831905825045e-01
9.503514281623923754e-01
8.294731188176099890e-01
8.828063575784929062e-01
9.930054810100487073e-01
1.206862828998860613e-03
2.348222135353842180e-02
7.021285954988317748e-04
9.702434983318637407e-01
6.323080652547403979e-02
9.963752429341771188e-01
9.294084906594897166e-01
3.759737008420591425e-07
9.173991611020255732e-01
8.261950615608986137e-01
3.920388630143412795e-02
6.700244113825089276e-02
4.387258740888887350e-03
5.978867049026233005e-01
5.774774702406439975e-01
9.555331567349095029e-04
1.852765913649596441e-03
1.324254415086107599e-03
7.560672153522267624e-01
9.984336888353384509e-01
9.993995786725035080e-01
7.560527416717845173e-02
9.799755367259155303e-01
9.840108641040087312e-01
9.793180130097588476e-01
8.196161368272305570e-01
9.913030774632253239e-01
8.819868715416731564e-02
9.960766325470012950e-01
6.563188218026260422e-03
1.875538786660079227e-01
9.671100756135597931e-07
6.990449213830172460e-03
1.029768761588637817e-02
1.419722704450967002e-02
8.951688764156520359e-03
5.021197296444480755e-03
5.860314523454551554e-03
4.745330433047502128e-01
9.990973723662079919e-01
9.432880034826763849e-01
9.996433394537699302e-01
1.717664292468544171e-02
3.832287652239188683e-07
5.539665899760204182e-05
9.848774454989435156e-01
2.466190060924808303e-01
8.471382385247498573e-04
9.025105739021367819e-04
9.601024209234516604e-01
8.431177024036066170e-01
1.053430696161150870e-01
9.979730304060140389e-01
9.647449553881501938e-01
9.999384906486175062e-01
1.577452516895843648e-01
2.781669649057824916e-04
9.976767688920531452e-01
9.998519111593854314e-01
9.752704987213971499e-01
6.699085841443659373e-01
7.163320552494022442e-01
3.149120943969504482e-01
1.899555129349542968e-05
4.860121220214792733e-05
1.965652534536280592e-05
3.680910534594798158e-07
5.274346615911646996e-01
1.476226910738145381e-01
4.574404192604242803e-01
3.500403971197752484e-01
3.422432608780211494e-01
4.067055153928013540e-03
2.902102623468580736e-03
9.934824956427518172e-01
6.178029128669616510e-01
4.726488537593906414e-01
9.820134257024278890e-01
3.275480748311035417e-01
1.271528117477086495e-01
2.296792323105211966e-05
4.218734596872291201e-03
9.999459087153199643e-01
9.955055634526982500e-01
9.993736423827425108e-01
2.234840085881974470e-01
4.280990993780322336e-05
4.772550487357175575e-01
1.468290739494640135e-03
3.856438941222150030e-01
3.310517555352862564e-05
9.999442363018238300e-01
9.999461355036296517e-01
4.553748578929798230e-01
9.922379541616500598e-01
9.356414911755089880e-01
9.529365798084858952e-01
8.055256884428305675e-01
2.679954028487066542e-01
4.968213686194258345e-07
1.031645874587353798e-03
9.819630998202043548e-01
9.780806066360816509e-01
9.820909255799288307e-01
9.677968274929571457e-01
9.719170292604722983e-01
9.765964015575805401e-01
9.657098653475549854e-01
2.659606554905238895e-01
2.292657155950610882e-06
1.429070329163556398e-06
9.966818089238800495e-05
8.975684817864822940e-06
9.700081998188259114e-01
9.516113242054089483e-01
9.997073318945053355e-01
9.988726225958814986e-01
1.260472095118194249e-03
1.820186693879935827e-03
4.255924820603725345e-01
9.985743489962290997e-01
9.984421091797838210e-01
9.979394985133327456e-01
3.205909354868522864e-03
8.846717083476038912e-01
9.999445645056713738e-01
1.610267521203917127e-02
9.600655766372082622e-01
3.660150787527375921e-04
3.237124027789795282e-03
3.683045399496611897e-07
9.429030430843455823e-01
1.090684689444328531e-01
7.874964182903906840e-05
1.258548384090235270e-04
1.714670862458917929e-04
7.917444341567554666e-03
2.354100575364243258e-03
9.779358549696094416e-01
3.280733678040612111e-01
4.210614710609646982e-01
4.227090492294698909e-01
1.240932465327924166e-05
9.791817677079446280e-01
9.903263342952451920e-01
2.992854462246010705e-01
8.934267233538306652e-01
2.430662959142067953e-03
7.894936370258943681e-01
2.420864674550388465e-02
4.760945566329105039e-01
8.870404295217431123e-01
1.026592831999785689e-03
1.078126012930880539e-03
1.355916082123292954e-03
9.565377903137838311e-01
9.425316572932419534e-01
9.987336448322409188e-01
1.736072967094943803e-03
5.113664450206375361e-02
4.483664204076704962e-01
5.682690622772260795e-07
4.749179498824029172e-07
5.318803742418995451e-02
2.213474677172217464e-01
9.863343177817788606e-07
3.970156097329857330e-05
9.905439511311235901e-01
2.808280733679408003e-01
6.125880514246838660e-01
4.032197151478504532e-07
3.288037441297546457e-06
4.202193090037606360e-07
1.095848732423945204e-01
7.163958462184454284e-05
9.202692471294336984e-01
9.015888605405413259e-01
6.225265364995504758e-01
9.998929754954202220e-01
9.998474827386142350e-01
7.780176809110704861e-01
1.744795425563269442e-01
6.542717034201639111e-04
4.009837871873902365e-02
5.096563778910346842e-01
9.496058054239787660e-01
2.993349612903365986e-01
9.178102767567134501e-01
8.288489417527555858e-01
2.815230499002017157e-06
3.666887817066396005e-07
9.999456187449135003e-01
1.870295232383013817e-01
5.786316799904712704e-01
7.835657861989550055e-01
7.134683628400028121e-01
8.194780056270414281e-01
3.602992174618037113e-01
8.586518396131074260e-01
8.218924955800448462e-01
8.399289232529323357e-01
9.833270641452100946e-01
9.996606021275614706e-01
1.833107832101545055e-03
2.134051959031322276e-01
9.325990568595932118e-01
1.533307996330600300e-03
3.066220581886003327e-01
9.065027129186296051e-01
1.926261937163895321e-01
1.247803941854983565e-03
1.533254725049897071e-01
9.413037459836360865e-01
9.939772133819960720e-01
9.971010185918760538e-01
9.998176066324099276e-01
9.829921894338663479e-01
9.082436284367517709e-01
8.220142258791413026e-01
9.999313473006635755e-01
3.753801256191332224e-03
7.633862220084895560e-03
3.772278237766875653e-01
5.020077252251374696e-03
7.284163971515055236e-01
7.048919127311468191e-01
5.778884282547208651e-01
9.692434927287386648e-01
9.953586454248691817e-01
8.349543075685088578e-01
1.387779011067708113e-05
5.322353098334539068e-01
9.999377838978913413e-01
6.565126919627887634e-04
-1.582631283122199926e-04
-1.900050755859122023e-06
1.145543336972566230e-05
6.732436580034183114e-06
4.410209879615814639e-06
6.074077718871872042e-06
1.830196273504809822e-05
4.671979832274057547e-03
4.575920707118702468e-01
2.174174270827806867e-03
9.727905894030680622e-01
8.594709476475696373e-06
9.994607940582724837e-01
9.999436697186474543e-01
5.750550412966419440e-05
3.083025975560829343e-02
9.999467116043988524e-01
9.576071859982765444e-01
9.596815604620266837e-01
9.528611903049113430e-01
3.518374431944404912e-01
9.541994113402758881e-02
9.637611701473128845e-01
4.303823716653917136e-02
4.474933731220364086e-01
9.993725591469707625e-01
3.545589132250313857e-02
9.914777552692690676e-01
6.305083926849783804e-01
3.230378014051105444e-04
3.132872553183886752e-05
2.978031114704791905e-04
1.647899407555237854e-04
1.292501787483596172e-04
3.670265503054721129e-07
4.172520845944786209e-04
4.530757191125980854e-02
9.330554185608123108e-01
9.964657235652034650e-01
4.063396861525686576e-02
9.998799236865348883e-01
9.867847153375548519e-01
9.879573428838942517e-01
6.300523620764831856e-01
5.177545441549989969e-01
5.291563169956453594e-01
2.518138951170164480e-02
3.479098139970626669e-01
9.934484965036282089e-01
8.496610055064521827e-01
6.910068549334311139e-02
4.971258866137174409e-02
9.891681622965448062e-01
9.999457465894109331e-01
2.333881929888603941e-03
2.876527722431635459e-01
2.851571790147745302e-06
8.943110712308716275e-06
3.690495461633462078e-06
6.190900301552723596e-04
9.999114376889054467e-01
4.417923126948682527e-07
9.784562073575274743e-01
9.843726458538870627e-01
7.870734801033806294e-01
9.948076306745801123e-01
9.967508704842107381e-01
9.443147597178596087e-01
4.236988425090578159e-01
1.348211917694446815e-01
2.535721205671811682e-02
9.321812244374925172e-01
9.771388480762992490e-01
4.699680604923577032e-02
1.759745746229324920e-03
5.350838984219842276e-01
9.446216476955595631e-01
6.127259013463784987e-01
5.665344329272351681e-03
9.954955130098681604e-01
9.800150774593380243e-01
8.799016619896433689e-01
8.408735302661051181e-01
6.658095560515537858e-01
3.989090409135367769e-03
9.811477405286773701e-01
7.261677891731165057e-04
9.997756537089890205e-01
9.999317289931858310e-01
1.142291716459381620e-05
9.553874848743060255e-01
9.547410509876389506e-01
9.586662591391414967e-01
9.790769929251498249e-01
5.955804944879089513e-01
7.784496788640432596e-02
2.179445228783495614e-01
1.206313767179866166e-04
1.333407112964085977e-05
5.249615448548197207e-07
-8.039109132217659906e-08
9.649223547133581880e-01
5.918572261823803695e-05
1.543525414105426160e-06
3.057198683795467824e-06
5.168180261423207522e-01
3.687243085598026379e-07
1.975142059621962931e-01
2.751915024906871343e-01
3.460333677863148398e-07
9.247166054009748892e-01
9.988777189923794264e-01
2.163531039863481661e-03
4.520951528409742487e-02
7.763860128843723674e-01
1.679691338489924541e-03
7.308311313036609802e-02
9.717519345732688052e-01
9.730095709905292045e-01
9.751985844960835426e-01
9.761903777806067994e-01
2.196062124231062673e-01
3.407631123934839329e-02
1.989411519586240066e-05
3.879296235434470663e-02
3.627557804123152790e-02
9.727490289815722280e-01
1.409305978936957471e-02
9.686404205952257040e-01
9.643660524223364172e-01
9.661062445789825315e-01
3.762133345538088618e-05
7.414094754520482965e-03
8.434517629737026123e-02
4.999740203892335533e-01
1.667391238976796740e-03
1.058774860110358595e-01
1.015728988084924622e-01
4.462929684383450835e-07
-4.145308869722373785e-08
1.421262541123287249e-07
4.734472112589641069e-01
3.720498748029200727e-07
1.700423759022364986e-04
3.112883712236174299e-05
1.162228937891423338e-03
4.366059211139548535e-01
3.883731394548849414e-01
6.196525135896564507e-01
9.881886089060328837e-01
9.579092763365885110e-01
6.907015902266087082e-01
1.278502278325229502e-01
5.311002729274927336e-01
9.817768661159618215e-01
6.952674825044410922e-02
9.834925968655741091e-01
2.037206631632103998e-03
2.622311252232155110e-01
5.049727838154578735e-07
1.622678891001140891e-02
5.573631076714437305e-02
2.580653365865924476e-02
4.805009751786959438e-01
1.188521996629861577e-01
6.326356409342621945e-02
7.047521388479079940e-01
2.973050934898023301e-01
9.546113265849177631e-01
2.588089678899207170e-05
1.589305068146322925e-05
3.116969406316136282e-01
3.058638096160353759e-01
9.830788248739482649e-01
9.850132647555923660e-01
3.103134454062257963e-01
1.010937293589436563e-02
9.868537127453460567e-01
9.412139948106211795e-01
8.586386375158461259e-01
3.725721123498944794e-07
9.956379203601023464e-01
9.942941044742330536e-01
9.955663464670886365e-01
9.305539754789615703e-01
4.710999056203069024e-01
9.634781238979895912e-01
3.500539319636843030e-04
5.677054876383166079e-04
7.955334098569563856e-04
2.518181944587182669e-02
2.807236993544385759e-02
9.754564460900607692e-01
1.986339663954468551e-04
5.383911409095918366e-01
5.625167070054177230e-03
9.895078397980370255e-01
4.987674402689493136e-01
1.582716764562977843e-02
1.682228270118998155e-03
5.935496608625414131e-05
1.595280999024640267e-01
1.781766045400137166e-01
2.076334729629118470e-01
4.502486963682635943e-07
3.401241412962322519e-01
9.074883585351135595e-01
9.607558108294799171e-01
3.031931140741089825e-02
9.776569400841332858e-01
9.769946753802603023e-01
1.143655440040363238e-03
3.820562084399740932e-02
2.701591129063134200e-02
1.922538164048275726e-03
3.712469950633227512e-07
9.682945939425562365e-01
7.466729217020512399e-02
8.495032069047401269e-01
2.710831132190627546e-01
2.321092846826526730e-03
9.761887881067755623e-01
9.304086299913220115e-01
4.798548450067929350e-04
9.789562388246106917e-01
9.999197386045264313e-01
5.462577558084656948e-01
9.905516252147545941e-01
9.934684886527580527e-01
2.643164677201703672e-01
9.373726115910667733e-01
9.299199510943535474e-01
8.937268647517071507e-01
1.746141031865056439e-02
9.716860635845354643e-01
8.056160738003181887e-01
9.823911550032001783e-01
9.826840971190723417e-01
4.963466296771235076e-01
6.364830529090914624e-01
8.377024886688246019e-02
2.942019490399366138e-02
5.665610440565646208e-03
1.216757625448831702e-04
2.895156394374350239e-01
3.678156007708295168e-07
9.979527506044442164e-01
1.790904478901557146e-03
1.300780258301917260e-03
9.515347464378447473e-01
9.200343978805466394e-01
9.127914019199183659e-01
9.179445461520688854e-01
3.400401463037237512e-04
6.602157897270721776e-01
6.089684320661674644e-01
3.096766454028718751e-01
7.434305440528938824e-01
5.229313756837254967e-01
9.999090200981479715e-01
9.401607837352657926e-01
9.309869655120788234e-01
3.354360360989499384e-02
3.579695769403098277e-02
3.368348842853673836e-02
1.648755886736008244e-02
2.184186058439151201e-02
3.378724844342349820e-02
3.224091595879233219e-01
1.834464093378338212e-01
5.128094613824283644e-03
2.386301528775119363e-01
9.667733108858852509e-01
9.979345714418065283e-01
1.961805285498697266e-05
3.878215309517206166e-01
3.920951718880119063e-01
9.894958140673704161e-01
4.441284056052035578e-01
6.044970829248693667e-01
9.731176426900540744e-01
4.069188298486103026e-05
9.939576619465856355e-01
7.538154189217813328e-02
9.955659853041241014e-01
9.693661491626105464e-01
7.462642186472862038e-01
9.368773642785989120e-01
9.404185339081292394e-01
9.341964760947661928e-01
9.252654390683026087e-01
9.601082738801863803e-01
9.623426824163754389e-01
1.899382225912997768e-01
2.547155444551743031e-01
5.312051712247298392e-03
-1.379595064324340119e-05
6.666381962507314280e-05
9.999432635888190202e-01
9.999445116925074206e-01
9.999451291640888417e-01
9.040061948904592982e-04
2.312143951378612117e-01
1.661314622726114704e-03
4.167012397912980870e-07
1.800698014717322659e-01
1.375128083695219359e-03
9.994046119336357226e-01
9.823910800699225954e-01
1.000918020173559167e-03
9.699375954789409837e-01
7.924075701919979647e-03
7.263987852227998202e-04
9.960464645497144609e-01
7.877437743285639789e-04
9.911585101167424972e-01
9.441813207575471762e-06
1.085499059154134353e-05
2.089130893871919414e-01
4.474217658160104666e-02
4.997567772520264406e-02
6.845722718438544963e-01
5.862583340959985337e-07
9.745797136117018145e-01
6.369438096111117442e-01
1.549305857966873090e-01
9.306930126737333886e-01
8.959187772740699884e-01
8.997977595468872325e-01
9.566558245001289817e-01
9.990726833049067279e-01
9.089291307320045421e-01
3.676813607770190345e-07
1.191569974806646337e-01
9.907174598908493612e-01
9.919871261718873345e-01
9.925688916330259737e-01
9.787391402791200887e-05
5.097882062351397070e-02
6.164282434548118937e-04
4.558173825652421240e-01
7.535644794690490311e-01
2.526683210246433858e-02
3.027206558167955600e-03
1.688693500373806555e-01
9.849570335338259097e-01
2.860900869843137177e-03
4.530142731750970708e-01
9.492057123177133349e-04
7.056678998280210280e-01
4.159978271997082366e-01
3.756318563115168541e-01
3.780680852565211073e-07
3.743658123074085353e-02
8.319004996181714739e-01
3.708986618407897340e-01
9.118882173034661420e-01
9.887123156616424158e-01
9.853382984316318982e-01
9.861671108404125308e-01
9.461005480742725737e-01
9.509892516574227628e-01
4.093848847500941579e-02
3.940954933008116584e-02
3.785018122365051677e-07
3.689929094333748667e-07
3.699981239251916138e-07
6.647849148870456082e-01
6.768621681936951573e-01
6.137844386534568875e-01
9.664306271475403554e-01
6.951038242357699959e-01
1.167078194548134613e-06
9.999347400109618311e-01
9.999460364884119601e-01
9.999459533601267047e-01
9.536559678976277199e-07
8.597887016456247089e-01
8.968302467064311889e-01
9.115013042818348454e-01
8.601846630391243309e-01
3.919352689456687045e-07
9.789147201507650831e-01
-9.191013487480160019e-05
8.621909900698873086e-01
2.834303160793893647e-02
1.966587031733356503e-03
4.213411848554081685e-01
9.868463889342605766e-01
2.314763076453911494e-01
8.596052061724510640e-01
8.925337524462578775e-01
9.184270092992516954e-01
5.823457097314336259e-04
4.866326825376378709e-04
1.413993646418545623e-05
9.520194762208176176e-01
9.748224979627891917e-01
9.764701098465641271e-01
9.799013735893781218e-01
9.999450124445488086e-01
9.276100024086653129e-01
9.197924834346860035e-01
9.366885499430221973e-01
9.534295508329846403e-01
3.269636331494615855e-01
9.461652378852249967e-01
1.739409871778394845e-01
4.705883263242140440e-04
2.063256508300608492e-03
4.934832425254795571e-09
3.383655371628418292e-06
9.573931935041660735e-01
9.442857409554901160e-01
7.393168837822444717e-01
7.099862392148844625e-01
7.555551366905566280e-01
9.985526498313934685e-01
5.703155456703575821e-01
5.083979929878971182e-01
9.877874630676077850e-01
3.480748669366292859e-06
8.125634226526879944e-01
7.221236006493295069e-04
8.616120500948525329e-01
9.257949933222161532e-01
2.576483746310048173e-01
2.689357676078738546e-01
9.861317021880598999e-01
1.279776534061627113e-01
3.676708602505150819e-07
3.678116596330303830e-07
9.998471310162465597e-01
2.781586329093513679e-03
3.806862905579235651e-02
1.003555038358710898e-03
5.276117893162789695e-03
5.439997583193007143e-03
2.168343995597688477e-04
5.112723870282153138e-01
5.645715394599378767e-01
4.128798198853658730e-01
4.281955419603295510e-01
2.790775274350079660e-03
3.063199263612511984e-03
9.786055108363698185e-01
3.754710399724823088e-07
3.697079989360398413e-07
1.726815909535385626e-03
9.257680099033740451e-01
2.360808906314393052e-01
1.011321059639557537e-03
2.316966341066485511e-06
4.484821636580986481e-02
8.060436579700049065e-02
1.476504454762939394e-04
2.319065172874626001e-03
1.539382754996891992e-02
2.055420864927378765e-04
5.825931128347320740e-04
9.933497132109027072e-01
4.556206587648939377e-02
6.568516422155402656e-01
2.098898287551360464e-04
3.867254739876958836e-02
9.980037513985048347e-01
9.984498097075592549e-01
9.969827249645036860e-01
2.406566708014657441e-01
9.663309018006032147e-01
9.999703102052146519e-01
7.608959794932296239e-01
9.995390751130974749e-01
9.946725486187724119e-01
4.085850117561191097e-01
4.245522151939246092e-01
4.208009635238258439e-01
3.330069195587198050e-01
7.496296655832846963e-04
9.610694537608627241e-01
9.602548463762430320e-01
1.751189951002349353e-03
8.319551353991329057e-01
1.659591098969793489e-04
4.699202322661695519e-03
3.271055613319882871e-03
9.998605462667902177e-01
1.387090974320605852e-01
7.868152670759482464e-03
8.707429467067784312e-01
9.787175724079111294e-01
9.802670756239565408e-01
9.822799009409178828e-01
5.040477943267381855e-01
4.579224678995960597e-04
5.308416996634813811e-01
1.253377438078615990e-04
9.993061686122828302e-01
9.982955961105151044e-01
1.790530440249446954e-03
2.759367422116579954e-03
6.050306400509146698e-01
7.323365355418074429e-01
9.215859937746058161e-01
3.502628442909370698e-01
3.313582742784466017e-04
9.021019810489130375e-01
8.093080046095328661e-02
9.999459091448928971e-01
8.289977143988093607e-04
1.394344482400694746e-03
4.798837599885804051e-01
2.459410382635794992e-03
2.427131349844542374e-01
1.503247009198096784e-01
2.143030736610782583e-01
4.275790224494989133e-01
1.709526786091435657e-01
9.988185632854340579e-01
3.165894042709396691e-06
9.871269929631673046e-01
9.620878833444561629e-01
8.652852900711512918e-01
1.973497571286508545e-01
3.265261670921168480e-02
5.483788413959241881e-01
5.023165296965153015e-01
2.044846424005822630e-02
8.853549577111829993e-01
1.826689962965204542e-02
4.422258264274757100e-01
6.915588427039114083e-02
2.452954978195663605e-01
4.221449935563821587e-02
7.904338074923139557e-01
8.845386961507010204e-01
1.381806790777852668e-03
3.670630326792992938e-07
3.088409366476928416e-05
2.572829855538928982e-04
2.373766803091875797e-03
5.699181895985916402e-01
9.943427439631428166e-01
9.736309942521209626e-01
4.407929602716443296e-01
2.312404424750619941e-02
9.999456183030096534e-01
1.813704649876209888e-03
1.396800584793521126e-05
8.783383162107738507e-01
2.664775889260568914e-05
9.999440076254619836e-01
9.999460536276048028e-01
9.960021163443832926e-01
9.947918452148682977e-01
9.944175972681004172e-01
9.999459348403409997e-01
1.099676643299788391e-03
7.999809675224816008e-01
9.997464494906901367e-01
9.938476905816042706e-01
2.774436116502720148e-03
9.377281722085347715e-01
1.647257742008512160e-02
2.561743158292926516e-03
9.999439863153685160e-01
9.999417362913326501e-01
1.202978551069630413e-03
7.033424189834597273e-01
1.041286839461455782e-01
1.186952422281433795e-03
2.448927047654096134e-01
9.998726802289904514e-01
9.998597079058488823e-01
9.995875634848027103e-01
9.123833229966595848e-01
8.789129602223703097e-01
3.146122334624761605e-04
7.279740566446333272e-01
9.790233100681221545e-01
7.135580929716208720e-01
2.209733096343630132e-02
9.881294291452885625e-01
9.688527421575839904e-01
9.457853093874390993e-01
9.510272917522177849e-01
6.366803333007980221e-04
9.451066309459575931e-01
3.675244282881956746e-07
9.648621912719772542e-01
3.676001394358906298e-07
3.675484246598337223e-07
9.971493207505069956e-01
2.755136283478808873e-02
1.270689780571485072e-01
3.638739255102783621e-01
9.401995952007109469e-01
1.405518985915682473e-02
8.073205169819892557e-01
7.507958992324027525e-01
7.579050721632614174e-01
-3.766580717026398949e-06
2.864434793628286148e-04
4.254516119521068026e-04
9.950764182463034402e-01
9.967508002754378316e-01
1.612201248483017060e-02
9.752971978994667834e-01
5.546475926288721646e-06
1.320387266592118747e-01
6.874623155005886443e-02
1.254685836207807270e-01
4.229004852549757842e-07
3.842660439337699996e-07
9.992043098465460682e-01
9.550279418306525381e-01
9.100717572347494233e-01
9.873324942505219415e-01
3.768278370261024524e-01
8.589611678809423445e-01
9.036226920313981115e-01
2.668177568492423601e-01
8.680474392839975699e-04
9.942093694852780494e-01
9.999462756519147399e-01
1.356398715577472106e-05
2.176530151007828873e-01
2.427314191925751541e-01
3.513578550211654550e-01
2.089060628770347816e-01
1.283683506626299431e-01
1.725239345540207914e-01
2.664217065538700413e-01
9.999452396554837641e-01
3.689170963059415754e-07
5.791093620014222537e-02
6.027872801509326361e-02
7.465347645423654754e-02
9.795854828868819641e-01
9.789078875881684905e-01
3.915235558367035316e-03
5.490535170664102297e-06
9.987299062438714792e-01
1.519617786647642910e-01
3.705333675433301389e-07
3.679615565963542352e-07
3.823156944658018361e-07
3.699016335259957520e-07
3.360969792887669172e-02
9.999367651374132526e-01
9.713919055179111028e-01
9.716876146735681230e-01
9.736588750955037508e-01
3.899616100029473003e-07
4.312058454717153188e-07
2.900620193451638075e-06
1.386487191601341873e-02
9.982581661179293908e-01
2.256502422838290445e-01
9.264141067512430272e-01
6.241108394865593212e-01
2.714853347769061523e-03
2.553089298080435388e-01
9.989107294925072544e-01
1.781142942143021657e-01
9.450057769686377451e-01
9.503883647046027505e-01
9.465034344293237201e-01
8.771253897185274709e-05
9.018552153811249943e-06
3.863745485392118225e-07
3.678958189432864122e-07
5.086363404417058627e-07
3.755091257927438606e-07
3.677201659629926870e-07
3.675493405561480891e-07
3.681931662226947691e-07
3.674096346907295620e-07
