0.225044
0.231003
0.239736
0.251817
0.265763
0.280348
0.295728
0.311482
0.327769
0.345292
0.362733
0.38035
0.398961
0.417874
0.437042
0.457087
0.476996
0.496785
0.51722
0.53765
0.558061
0.57833
0.598813
0.619736
0.639573
0.659248
0.679267
0.698226
0.716741
0.735273
0.753107
0.770429
0.786763
0.802543
0.817804
0.832043
0.845694
0.858584
0.870602
0.882043
0.892555
0.902315
0.91158
0.919919
0.927577
0.934789
0.941166
0.947085
0.952652
0.957425
0.961877
0.966008
0.969557
0.972877
0.975905
0.978539
0.980991
0.983185
0.98512
0.986911
0.988467
0.989858
0.991142
0.99224
0.993231
0.994138
0.994886
0.99557
0.996187
0.996695
0.997162
0.997576
0.997918
0.998231
0.998509
0.99874
0.998948
0.999124
0.999274
0.999405
0.999508
0.999598
0.999678
0.999735
0.999784
0.999822
0.999852
0.999876
0.999893
0.999906
0.999917
0.999924
0.99993
0.999934
0.999937
0.999939
0.999941
0.999942
0.999943
0.999944
0.220394
0.225624
0.235342
0.24778
0.26113
0.275161
0.290943
0.307366
0.323783
0.340296
0.358688
0.377045
0.39562
0.41408
0.43371
0.453194
0.473122
0.493361
0.513751
0.53456
0.55527
0.576213
0.596725
0.617091
0.637882
0.657645
0.677364
0.697103
0.715724
0.734123
0.752065
0.76935
0.786043
0.802204
0.817313
0.831826
0.845577
0.858631
0.870582
0.882105
0.89275
0.90247
0.911697
0.920138
0.927829
0.935037
0.941423
0.947334
0.952889
0.957663
0.962116
0.966228
0.96975
0.973142
0.976104
0.97879
0.981193
0.98337
0.985307
0.987036
0.988584
0.990008
0.991247
0.99238
0.993347
0.994213
0.994965
0.995652
0.996254
0.996784
0.997226
0.997624
0.99798
0.998272
0.998556
0.998785
0.998991
0.999157
0.999306
0.999438
0.999536
0.999625
0.999703
0.999751
0.9998
0.999838
0.999863
0.999884
0.999899
0.999912
0.999922
0.999928
0.999933
0.999936
0.999939
0.999941
0.999942
0.999943
0.999944
0.999944
0.214179
0.219364
0.228834
0.240953
0.25462
0.269411
0.284511
0.299574
0.316302
0.334284
0.352105
0.369831
0.38853
0.408051
0.427224
0.44793
0.46833
0.488483
0.509811
0.530733
0.55144
0.572432
0.59337
0.614293
0.634813
0.655113
0.675341
0.69475
0.713806
0.73248
0.75086
0.768213
0.785323
0.801289
0.816702
0.83144
0.845261
0.858413
0.870597
0.882141
0.892963
0.902763
0.911791
0.920385
0.928081
0.935348
0.941756
0.947657
0.953195
0.957983
0.962424
0.966531
0.97001
0.973447
0.976283
0.978992
0.981358
0.983541
0.98551
0.98722
0.988796
0.990183
0.991397
0.992515
0.99348
0.994332
0.995122
0.99578
0.996347
0.996859
0.997314
0.997716
0.998068
0.998349
0.998616
0.998839
0.99904
0.999205
0.999347
0.999472
0.999569
0.999659
0.999728
0.999776
0.999816
0.999853
0.999876
0.999895
0.999908
0.999919
0.999926
0.999931
0.999936
0.999938
0.999941
0.999942
0.999943
0.999944
0.999945
0.999945
0.206076
0.211028
0.219856
0.231472
0.24486
0.259158
0.27439
0.290175
0.307232
0.324342
0.342328
0.360517
0.379699
0.399481
0.41935
0.439323
0.46006
0.480783
0.501962
0.523372
0.544603
0.566122
0.587261
0.608683
0.630011
0.650583
0.671027
0.691124
0.71101
0.729809
0.748567
0.766043
0.783703
0.800112
0.815939
0.830726
0.844878
0.857952
0.870697
0.882243
0.893233
0.903045
0.912305
0.920929
0.928624
0.9359
0.942324
0.948229
0.953734
0.958511
0.962943
0.967025
0.97053
0.973847
0.976773
0.97935
0.981794
0.983925
0.985831
0.987533
0.989065
0.990422
0.991696
0.992733
0.993724
0.994547
0.995297
0.995945
0.996505
0.997007
0.997442
0.997825
0.998168
0.998451
0.998704
0.998923
0.999113
0.999274
0.999416
0.999528
0.999623
0.999698
0.99976
0.999803
0.999846
0.999872
0.999892
0.999909
0.99992
0.999927
0.999933
0.999936
0.99994
0.999942
0.999943
0.999944
0.999945
0.999945
0.999945
0.999946
0.197817
0.201813
0.210302
0.221539
0.234991
0.248969
0.263977
0.27953
0.296528
0.313786
0.33185
0.350353
0.369365
0.389134
0.409114
0.429948
0.450761
0.471849
0.493329
0.515251
0.53714
0.558914
0.580547
0.602458
0.624214
0.645479
0.666398
0.687004
0.706929
0.726794
0.745901
0.763948
0.78169
0.798443
0.814766
0.829904
0.844482
0.857852
0.870537
0.882273
0.893493
0.903402
0.912789
0.921439
0.929275
0.936482
0.94293
0.948832
0.954327
0.959109
0.963512
0.967532
0.971054
0.974293
0.977223
0.979774
0.982154
0.984273
0.986144
0.987855
0.989348
0.9907
0.991931
0.992964
0.99392
0.994729
0.995473
0.996112
0.996667
0.99714
0.997574
0.997931
0.998262
0.998547
0.998789
0.999002
0.999184
0.999344
0.999471
0.99958
0.999666
0.999741
0.999792
0.999835
0.999868
0.999892
0.999908
0.999919
0.999929
0.999935
0.999938
0.999941
0.999943
0.999944
0.999945
0.999945
0.999946
0.999946
0.999946
0.999946
0.189224
0.193048
0.200796
0.211822
0.224582
0.238304
0.253379
0.268893
0.285689
0.302644
0.320559
0.339054
0.358268
0.378235
0.398404
0.419176
0.440326
0.462055
0.484003
0.506139
0.528146
0.550806
0.573015
0.595341
0.617452
0.639468
0.661135
0.682219
0.702846
0.723144
0.74271
0.761689
0.779469
0.797103
0.813291
0.829215
0.84356
0.857744
0.870519
0.882523
0.893759
0.903988
0.913482
0.922031
0.930039
0.937105
0.943601
0.949502
0.955
0.959679
0.964099
0.968034
0.971527
0.974758
0.977617
0.980176
0.982485
0.984609
0.986463
0.98818
0.989628
0.990983
0.992167
0.99316
0.994116
0.994919
0.995626
0.996246
0.99679
0.997263
0.997677
0.998034
0.998348
0.998628
0.998866
0.999072
0.999248
0.999398
0.999524
0.99962
0.999708
0.999772
0.999824
0.99986
0.999886
0.999906
0.999918
0.999929
0.999934
0.999939
0.999941
0.999944
0.999945
0.999945
0.999946
0.999946
0.999946
0.999946
0.999946
0.999946
0.180065
0.184332
0.191821
0.202195
0.214329
0.227922
0.242439
0.25763
0.274078
0.29118
0.308958
0.32747
0.34686
0.366652
0.386932
0.408205
0.429642
0.451394
0.473783
0.496479
0.519171
0.542013
0.564727
0.587495
0.61064
0.633149
0.655096
0.677248
0.698425
0.718858
0.739237
0.758503
0.777254
0.795148
0.81204
0.828171
0.843167
0.857257
0.870475
0.882623
0.89414
0.904327
0.914013
0.922693
0.930587
0.93773
0.944207
0.95013
0.955573
0.960261
0.964575
0.968462
0.971972
0.975152
0.977986
0.980475
0.982795
0.98489
0.986744
0.988396
0.989845
0.991174
0.99233
0.993365
0.994267
0.995056
0.995756
0.99636
0.996914
0.997357
0.997767
0.998119
0.998415
0.998696
0.998928
0.999128
0.999299
0.999443
0.99956
0.999663
0.99974
0.9998
0.999847
0.999876
0.999901
0.999916
0.999927
0.999934
0.999939
0.999942
0.999944
0.999945
0.999946
0.999946
0.999946
0.999946
0.999946
0.999946
0.999946
0.999946
0.171151
0.175646
0.182476
0.192254
0.204251
0.217374
0.231471
0.246434
0.262516
0.279473
0.29712
0.315555
0.334823
0.354789
0.375207
0.396331
0.418189
0.440306
0.463081
0.486265
0.509277
0.532756
0.556358
0.579584
0.602796
0.626144
0.649107
0.671633
0.693397
0.714956
0.735816
0.755785
0.774987
0.793131
0.810619
0.827119
0.842231
0.856859
0.87021
0.882808
0.894309
0.904756
0.914474
0.923117
0.931055
0.938422
0.94484
0.95069
0.956094
0.960728
0.964995
0.96883
0.972313
0.975476
0.97824
0.98076
0.983054
0.985074
0.986923
0.988563
0.990054
0.991328
0.992469
0.993508
0.994386
0.99517
0.995857
0.996445
0.996988
0.997433
0.997839
0.998183
0.998474
0.998753
0.998976
0.999173
0.999341
0.999483
0.999601
0.999694
0.99977
0.999821
0.999865
0.999892
0.99991
0.999925
0.999934
0.999939
0.999942
0.999944
0.999945
0.999946
0.999946
0.999946
0.999946
0.999946
0.999946
0.999946
0.999946
0.999946
0.162533
0.167053
0.172842
0.182673
0.194316
0.206568
0.220507
0.234905
0.250818
0.267551
0.284964
0.303341
0.322463
0.342556
0.36311
0.384378
0.406405
0.428834
0.451601
0.475357
0.498984
0.522927
0.547084
0.570967
0.595252
0.618979
0.642484
0.665411
0.688517
0.710562
0.73211
0.752354
0.772469
0.791166
0.808885
0.826012
0.841646
0.856383
0.87012
0.882882
0.894469
0.905148
0.914894
0.923542
0.931527
0.938881
0.945169
0.951146
0.956414
0.961019
0.96528
0.969169
0.972533
0.97564
0.978457
0.980912
0.983194
0.985188
0.987018
0.988709
0.990126
0.991433
0.99257
0.993593
0.994484
0.995241
0.995922
0.996532
0.997032
0.997503
0.997893
0.998222
0.998527
0.99879
0.999012
0.999212
0.99938
0.999517
0.999629
0.999719
0.999792
0.999843
0.999878
0.999903
0.99992
0.999931
0.999937
0.999942
0.999944
0.999945
0.999946
0.999946
0.999946
0.999946
0.999946
0.999946
0.999946
0.999946
0.999946
0.999946
0.154573
0.158149
0.163947
0.17276
0.184048
0.196432
0.209292
0.223568
0.239095
0.255375
0.272658
0.291037
0.309871
0.329766
0.350669
0.371961
0.39425
0.416875
0.440164
0.464012
0.488272
0.512645
0.53714
0.562042
0.586466
0.611251
0.635714
0.659356
0.682887
0.705647
0.727656
0.749212
0.769594
0.788855
0.8074
0.824727
0.84063
0.855863
0.869938
0.882783
0.894554
0.905329
0.915187
0.923936
0.931909
0.939133
0.945603
0.95146
0.956634
0.961211
0.96548
0.969334
0.972633
0.975722
0.978565
0.980991
0.98321
0.985293
0.987076
0.98874
0.990196
0.991471
0.992617
0.993636
0.994525
0.995298
0.995959
0.996583
0.997079
0.997543
0.997922
0.998257
0.998566
0.998819
0.999041
0.999237
0.999409
0.999545
0.999658
0.999746
0.999812
0.99986
0.999892
0.999912
0.999927
0.999935
0.99994
0.999943
0.999945
0.999946
0.999946
0.999947
0.999947
0.999946
0.999946
0.999946
0.999946
0.999946
0.999946
0.999946
0.14668
0.149653
0.154979
0.163293
0.173623
0.185752
0.198656
0.212358
0.227299
0.243159
0.260268
0.278396
0.29706
0.316836
0.337943
0.359233
0.381469
0.404575
0.427993
0.45194
0.476957
0.502124
0.527127
0.552844
0.577805
0.603519
0.628429
0.65319
0.676842
0.70091
0.723249
0.745596
0.76619
0.786719
0.805531
0.823253
0.839596
0.855075
0.869464
0.882513
0.894632
0.905493
0.915294
0.924117
0.932094
0.93924
0.945657
0.951446
0.956674
0.961282
0.965566
0.969309
0.972647
0.975718
0.978495
0.98097
0.983164
0.985254
0.987069
0.988738
0.990187
0.991474
0.992641
0.993658
0.994528
0.995325
0.99599
0.996593
0.99712
0.997562
0.997945
0.998288
0.998591
0.998841
0.99907
0.999263
0.999434
0.999574
0.999683
0.999766
0.999829
0.999874
0.9999
0.99992
0.999932
0.999938
0.999943
0.999945
0.999946
0.999947
0.999947
0.999947
0.999947
0.999946
0.999946
0.999946
0.999946
0.999946
0.999946
0.999946
0.138692
0.141391
0.146405
0.153986
0.163908
0.174953
0.187656
0.200771
0.215611
0.230871
0.247664
0.265549
0.283972
0.303716
0.324502
0.345773
0.368285
0.39169
0.415521
0.440213
0.465082
0.490518
0.516972
0.542707
0.568823
0.594732
0.620724
0.646163
0.671215
0.695584
0.718937
0.741669
0.763264
0.783808
0.803438
0.821633
0.838542
0.854304
0.868899
0.882165
0.894251
0.905359
0.915233
0.924041
0.932179
0.939214
0.94559
0.95147
0.956542
0.961168
0.965321
0.96913
0.972509
0.975516
0.978307
0.980791
0.983053
0.985138
0.986954
0.988681
0.990118
0.991413
0.992596
0.993642
0.994494
0.995304
0.996005
0.9966
0.997117
0.997578
0.997945
0.998305
0.998607
0.998863
0.999097
0.999286
0.999452
0.999589
0.999707
0.999788
0.999844
0.999889
0.99991
0.99993
0.999937
0.999942
0.999944
0.999946
0.999947
0.999947
0.999947
0.999947
0.999947
0.999946
0.999946
0.999946
0.999946
0.999946
0.999946
0.999946
0.130121
0.133715
0.137816
0.145193
0.154212
0.164851
0.176744
0.189588
0.203467
0.218797
0.234793
0.252488
0.27075
0.290225
0.31073
0.332488
0.354621
0.378277
0.402313
0.427496
0.452763
0.479046
0.50558
0.532344
0.559362
0.585943
0.613015
0.639033
0.664803
0.689787
0.714471
0.737428
0.760249
0.780915
0.801252
0.819867
0.837077
0.853354
0.867936
0.8816
0.893908
0.905089
0.914795
0.923935
0.931848
0.938951
0.945425
0.951155
0.956229
0.960882
0.964924
0.968912
0.972195
0.975257
0.978001
0.980505
0.982867
0.985022
0.98677
0.988495
0.990012
0.991308
0.992523
0.99358
0.994469
0.995268
0.99599
0.996596
0.997113
0.997563
0.997952
0.99831
0.998613
0.998879
0.999108
0.999303
0.999478
0.999612
0.999729
0.999809
0.999861
0.999901
0.99992
0.999934
0.999939
0.999944
0.999946
0.999946
0.999947
0.999947
0.999947
0.999947
0.999946
0.999946
0.999946
0.999946
0.999946
0.999946
0.999946
0.999946
0.122297
0.125329
0.129048
0.136819
0.144694
0.154593
0.165919
0.178324
0.191541
0.206513
0.222044
0.239181
0.257075
0.27654
0.296772
0.318597
0.340896
0.364428
0.38894
0.414286
0.440042
0.466551
0.493974
0.52134
0.549073
0.57667
0.603963
0.63134
0.657671
0.683726
0.708751
0.733001
0.756179
0.778103
0.798883
0.81765
0.835662
0.852376
0.86693
0.880726
0.893368
0.904461
0.914339
0.923572
0.931368
0.938506
0.945179
0.950622
0.955822
0.960384
0.9646
0.968279
0.971723
0.974797
0.977614
0.980206
0.982466
0.984658
0.986539
0.988276
0.989833
0.991175
0.992398
0.99347
0.994409
0.995185
0.995958
0.99656
0.997084
0.997541
0.997964
0.998295
0.99862
0.998881
0.999118
0.999319
0.999491
0.999633
0.999749
0.999822
0.999881
0.999908
0.99993
0.999938
0.999943
0.999946
0.999946
0.999947
0.999947
0.999947
0.999947
0.999947
0.999946
0.999946
0.999946
0.999946
0.999946
0.999946
0.999946
0.999946
0.114946
0.117707
0.121188
0.127986
0.13553
0.144786
0.155163
0.166962
0.180012
0.194057
0.20943
0.225774
0.243584
0.262274
0.282389
0.303963
0.326646
0.350138
0.374831
0.40047
0.426917
0.453701
0.481587
0.509719
0.538545
0.567094
0.594978
0.62314
0.650716
0.677653
0.703137
0.72854
0.752169
0.774416
0.795927
0.815303
0.834073
0.850545
0.865979
0.879353
0.892716
0.903457
0.913709
0.922771
0.930727
0.937881
0.944305
0.949957
0.955178
0.959612
0.963935
0.967612
0.97114
0.974261
0.977083
0.979717
0.982054
0.984272
0.986185
0.987939
0.989557
0.990984
0.992218
0.993328
0.994309
0.995114
0.995883
0.996506
0.997048
0.997509
0.997945
0.998287
0.998606
0.998878
0.999123
0.999334
0.999506
0.999664
0.99977
0.999847
0.999895
0.999921
0.999935
0.999943
0.999945
0.999946
0.999947
0.999947
0.999947
0.999947
0.999947
0.999946
0.999946
0.999946
0.999946
0.999946
0.999946
0.999946
0.999946
0.999946
0.107892
0.110058
0.113809
0.119264
0.1272
0.135203
0.145165
0.156025
0.168191
0.181689
0.19693
0.212171
0.229673
0.247921
0.267794
0.289064
0.311571
0.335442
0.359987
0.386102
0.412872
0.440542
0.469023
0.497834
0.526971
0.55629
0.585686
0.614673
0.64243
0.670713
0.697382
0.723477
0.747474
0.771067
0.79245
0.812806
0.831778
0.848436
0.864337
0.878293
0.891238
0.902445
0.912621
0.921761
0.929709
0.936868
0.943356
0.949056
0.954164
0.958792
0.963051
0.96683
0.9703
0.973499
0.976474
0.979081
0.98146
0.983723
0.985718
0.987555
0.989176
0.990706
0.991996
0.993111
0.994131
0.994996
0.99578
0.996443
0.996981
0.997488
0.997904
0.998264
0.998586
0.998876
0.99912
0.999339
0.999526
0.999681
0.999793
0.999874
0.999908
0.999933
0.999941
0.999945
0.999947
0.999948
0.999947
0.999947
0.999947
0.999947
0.999947
0.999946
0.999946
0.999946
0.999946
0.999946
0.999946
0.999946
0.999946
0.999946
0.101053
0.102913
0.106431
0.111395
0.118194
0.126141
0.135132
0.145205
0.157041
0.169283
0.18404
0.198801
0.216021
0.233475
0.253268
0.273945
0.296326
0.320133
0.344832
0.371218
0.398397
0.426337
0.455021
0.484841
0.515113
0.54565
0.575155
0.605068
0.634628
0.66311
0.691005
0.717586
0.742906
0.766904
0.789055
0.810141
0.829353
0.846702
0.862065
0.876802
0.889614
0.901112
0.911504
0.920636
0.928516
0.935792
0.942204
0.947775
0.953088
0.957672
0.961921
0.965835
0.969302
0.972569
0.975516
0.978272
0.980826
0.983093
0.985187
0.98715
0.988801
0.990383
0.991698
0.992902
0.993963
0.994832
0.995637
0.996327
0.996891
0.997427
0.997865
0.998232
0.998562
0.998856
0.99911
0.999344
0.999549
0.999701
0.999841
0.999894
0.999933
0.999942
0.999948
0.999947
0.999949
0.999948
0.999948
0.999947
0.999947
0.999947
0.999946
0.999946
0.999946
0.999946
0.999946
0.999946
0.999946
0.999946
0.999946
0.999946
0.0944029
0.0961835
0.0989093
0.103835
0.109916
0.117093
0.125269
0.134928
0.145427
0.157839
0.170762
0.185462
0.201637
0.219383
0.238369
0.258774
0.280832
0.30436
0.329179
0.355916
0.383104
0.411815
0.44114
0.471507
0.501951
0.533359
0.564892
0.59537
0.626139
0.654988
0.684365
0.711393
0.737863
0.76238
0.785385
0.806616
0.826363
0.84435
0.860474
0.8749
0.887721
0.899723
0.909981
0.919051
0.92711
0.934419
0.940746
0.946407
0.951628
0.956309
0.960634
0.964515
0.968095
0.971502
0.974478
0.977281
0.979904
0.982303
0.984424
0.986477
0.988241
0.989873
0.991331
0.992537
0.993685
0.994652
0.995463
0.996173
0.996805
0.997348
0.997786
0.99819
0.998534
0.998829
0.999094
0.999348
0.999568
0.999733
0.999904
0.999937
0.999955
0.999954
0.999954
0.999952
0.99995
0.999949
0.999948
0.999947
0.999947
0.999946
0.999946
0.999946
0.999946
0.999946
0.999946
0.999946
0.999946
0.999946
0.999946
0.999946
0.0883359
0.0896469
0.0923484
0.0966033
0.102212
0.108389
0.116237
0.124765
0.134749
0.145781
0.158645
0.172195
0.187748
0.204639
0.223379
0.24325
0.264729
0.288125
0.313394
0.33993
0.367593
0.396276
0.426867
0.457566
0.488709
0.521062
0.552956
0.584837
0.616155
0.647159
0.67653
0.705497
0.73237
0.757237
0.781312
0.802903
0.823207
0.841696
0.858006
0.87283
0.885761
0.897763
0.908097
0.9173
0.925495
0.932672
0.939029
0.944862
0.950041
0.954766
0.959105
0.963025
0.966748
0.970058
0.973192
0.976181
0.978826
0.981302
0.983633
0.985664
0.987655
0.98929
0.990823
0.992183
0.993369
0.994369
0.995263
0.995982
0.996663
0.997229
0.997709
0.99813
0.99848
0.998796
0.999064
0.999328
0.999568
0.999824
0.999975
0.99999
0.999972
0.999962
0.999954
0.999951
0.999949
0.999948
0.999947
0.999947
0.999946
0.999946
0.999946
0.999946
0.999946
0.999946
0.999946
0.999946
0.999946
0.999946
0.999946
0.999946
0.0825371
0.0837078
0.0862147
0.0896316
0.0946427
0.100857
0.107031
0.115527
0.124255
0.134803
0.146321
0.159388
0.173866
0.19006
0.208281
0.227377
0.248622
0.271642
0.297176
0.323028
0.351016
0.3805
0.411348
0.442847
0.475281
0.50795
0.540952
0.574235
0.606099
0.638189
0.668889
0.698469
0.726564
0.752419
0.776395
0.799283
0.819946
0.838261
0.855443
0.870463
0.883709
0.895606
0.906166
0.915193
0.923472
0.930787
0.937212
0.943065
0.948227
0.952978
0.957285
0.961283
0.964983
0.968458
0.971691
0.974693
0.977558
0.98006
0.982513
0.984616
0.986685
0.988551
0.990145
0.991616
0.99292
0.994019
0.99495
0.995755
0.996493
0.997061
0.997602
0.998029
0.998415
0.998736
0.999032
0.999295
0.99956
0.999825
1
1
0.999982
0.99996
0.999954
0.999949
0.999948
0.999946
0.999946
0.999946
0.999946
0.999945
0.999945
0.999945
0.999945
0.999945
0.999945
0.999945
0.999945
0.999945
0.999945
0.999945
0.0770712
0.0781013
0.0801073
0.0833424
0.0875874
0.092942
0.0990709
0.106087
0.114486
0.12405
0.134765
0.147006
0.160228
0.17578
0.192987
0.212126
0.232509
0.254934
0.280236
0.306061
0.334369
0.363915
0.395114
0.427492
0.460429
0.494769
0.52862
0.562869
0.596423
0.628693
0.660965
0.691284
0.720303
0.74719
0.771677
0.794998
0.816566
0.835543
0.852572
0.868001
0.881268
0.893474
0.90386
0.913042
0.921316
0.928668
0.935201
0.94091
0.946236
0.95089
0.955275
0.959347
0.963094
0.96668
0.969914
0.972985
0.975933
0.978624
0.981251
0.983517
0.985686
0.987586
0.989452
0.990882
0.992362
0.993503
0.99458
0.995438
0.996248
0.996878
0.997458
0.997892
0.998321
0.998661
0.998966
0.999244
0.999507
0.99975
0.999941
0.999987
0.999962
0.999948
0.999948
0.999944
0.999944
0.999944
0.999944
0.999945
0.999945
0.999945
0.999945
0.999945
0.999945
0.999945
0.999945
0.999945
0.999945
0.999945
0.999945
0.999945
0.0723204
0.0729379
0.0747724
0.07759
0.0811295
0.0859078
0.0910461
0.097726
0.104843
0.113774
0.12356
0.134962
0.147586
0.161706
0.177498
0.196411
0.216346
0.238213
0.262957
0.289311
0.316851
0.347384
0.378677
0.41167
0.445745
0.480818
0.515472
0.550635
0.585303
0.619331
0.651644
0.683537
0.713731
0.741311
0.767516
0.79087
0.812735
0.831761
0.849612
0.865152
0.878639
0.891
0.901605
0.910874
0.919167
0.926554
0.933007
0.938727
0.943942
0.948673
0.953061
0.95705
0.960849
0.964469
0.967882
0.971089
0.974065
0.97691
0.979565
0.981996
0.984404
0.986372
0.988306
0.989926
0.991527
0.992837
0.993996
0.995019
0.995804
0.996556
0.997197
0.997725
0.998188
0.998549
0.998885
0.999167
0.999438
0.999664
0.999817
0.999884
0.999919
0.999931
0.999934
0.999938
0.99994
0.999941
0.999943
0.999943
0.999944
0.999944
0.999945
0.999945
0.999945
0.999945
0.999945
0.999945
0.999945
0.999945
0.999945
0.999945
0.0677596
0.0684368
0.0698073
0.0721162
0.0754442
0.0795217
0.0842256
0.0894754
0.0962023
0.104121
0.113463
0.12336
0.134936
0.14834
0.163709
0.181041
0.200966
0.221486
0.245462
0.272263
0.29962
0.32986
0.362054
0.395106
0.430096
0.465332
0.502172
0.538739
0.573679
0.609401
0.642882
0.675684
0.706634
0.734953
0.762718
0.786375
0.808813
0.828715
0.846713
0.862351
0.876339
0.888508
0.899159
0.908401
0.916942
0.924117
0.930699
0.936434
0.941552
0.946363
0.950717
0.954699
0.958584
0.962147
0.965546
0.968824
0.971878
0.974856
0.977581
0.980256
0.982664
0.984882
0.986992
0.988953
0.990416
0.992029
0.993289
0.994464
0.995352
0.996185
0.996868
0.997487
0.997963
0.998407
0.998768
0.999073
0.999335
0.999573
0.999716
0.999813
0.999867
0.999899
0.999919
0.999923
0.999933
0.999937
0.999939
0.999941
0.999942
0.999943
0.999944
0.999944
0.999944
0.999945
0.999945
0.999945
0.999945
0.999945
0.999945
0.999945
0.0633939
0.064266
0.0652928
0.0673412
0.070096
0.0733555
0.0774098
0.0825377
0.0881371
0.0945915
0.103482
0.112948
0.122945
0.135674
0.15028
0.166301
0.184753
0.205183
0.228869
0.254164
0.282614
0.312584
0.344985
0.378643
0.414206
0.45107
0.488108
0.525332
0.562904
0.598858
0.634478
0.66757
0.700127
0.729209
0.757587
0.782474
0.804435
0.825495
0.843822
0.859539
0.873676
0.885992
0.89717
0.906456
0.914496
0.921899
0.928343
0.934048
0.93929
0.943977
0.948199
0.952236
0.956113
0.959641
0.963123
0.966378
0.969572
0.972543
0.975442
0.978256
0.980723
0.983183
0.985343
0.987433
0.989172
0.990903
0.992377
0.993655
0.994779
0.995687
0.996455
0.997127
0.9977
0.998162
0.998564
0.998952
0.999217
0.999465
0.999619
0.999737
0.999813
0.999865
0.999894
0.999911
0.999922
0.99993
0.999935
0.999938
0.999939
0.999942
0.999942
0.999943
0.999944
0.999944
0.999944
0.999945
0.999945
0.999945
0.999945
0.999945
0.0596509
0.06042
0.0611864
0.0629586
0.0651231
0.0681496
0.0719003
0.0757486
0.0807413
0.0868469
0.0938978
0.102598
0.112544
0.122867
0.136754
0.152214
0.169683
0.18963
0.212202
0.236846
0.265165
0.294831
0.32738
0.361949
0.398234
0.435787
0.473626
0.512217
0.550218
0.588697
0.624805
0.659786
0.692555
0.723864
0.752334
0.777125
0.801814
0.821509
0.841122
0.856389
0.87144
0.88379
0.894936
0.90409
0.912719
0.919609
0.926355
0.931764
0.937077
0.941742
0.945897
0.949881
0.953581
0.95712
0.960555
0.963771
0.966946
0.970001
0.972897
0.975729
0.978483
0.981006
0.983502
0.985661
0.98773
0.989537
0.991154
0.992677
0.993898
0.994946
0.995877
0.996673
0.997315
0.997884
0.998311
0.998732
0.999047
0.999299
0.9995
0.999644
0.999743
0.999827
0.999862
0.999887
0.999908
0.999919
0.999927
0.999933
0.999937
0.999939
0.999941
0.999942
0.999943
0.999944
0.999944
0.999944
0.999944
0.999945
0.999945
0.999945
0.0562233
0.0568214
0.0577384
0.0592971
0.0609647
0.0635459
0.0664639
0.0700743
0.074441
0.0791394
0.0859334
0.0931782
0.102111
0.112301
0.124085
0.138501
0.155096
0.174405
0.195845
0.219692
0.247991
0.277021
0.310126
0.344825
0.381639
0.419924
0.458822
0.498729
0.538553
0.577413
0.61509
0.65085
0.685786
0.717964
0.746714
0.773295
0.797769
0.81883
0.838016
0.854158
0.868963
0.881859
0.892539
0.9025
0.910605
0.917847
0.924401
0.929834
0.934818
0.939504
0.943579
0.94754
0.951138
0.954585
0.957937
0.961234
0.964285
0.967361
0.970346
0.973202
0.97596
0.978613
0.981126
0.983576
0.98581
0.98775
0.989544
0.991173
0.992669
0.993971
0.99508
0.996012
0.99678
0.99742
0.997981
0.99838
0.998836
0.999122
0.999358
0.99952
0.99965
0.999735
0.999805
0.999862
0.999888
0.999906
0.999918
0.999925
0.999932
0.999935
0.999939
0.999941
0.999942
0.999942
0.999943
0.999944
0.999944
0.999944
0.999944
0.999945
0.0532659
0.0536766
0.0543808
0.0555746
0.0573567
0.0592425
0.0615915
0.0647589
0.0683166
0.0729239
0.0779906
0.0851268
0.092895
0.101476
0.11291
0.126425
0.141362
0.159995
0.179607
0.203184
0.230402
0.259894
0.292401
0.32744
0.364564
0.403491
0.443897
0.484617
0.525356
0.566766
0.605547
0.642737
0.677441
0.711643
0.741041
0.769291
0.793657
0.815471
0.835115
0.851915
0.866585
0.879487
0.890934
0.900518
0.908728
0.91616
0.922466
0.928065
0.93299
0.937548
0.941536
0.945331
0.948942
0.952336
0.955533
0.958697
0.961739
0.964697
0.967686
0.970526
0.973294
0.976036
0.978649
0.981073
0.983444
0.985632
0.987746
0.989534
0.991212
0.992633
0.993912
0.995004
0.995973
0.996807
0.997479
0.998002
0.998414
0.998858
0.999119
0.999362
0.999521
0.99964
0.999724
0.999783
0.99986
0.999888
0.999902
0.999915
0.999926
0.99993
0.999934
0.999937
0.999939
0.999941
0.999942
0.999943
0.999944
0.999944
0.999944
0.999944
0.0505911
0.0508894
0.0514326
0.0524246
0.05394
0.0554464
0.0577233
0.0602554
0.0633975
0.0668934
0.0718654
0.0772071
0.0844051
0.0922255
0.102534
0.114103
0.128158
0.145739
0.165106
0.187189
0.21385
0.242488
0.274622
0.310199
0.347454
0.387061
0.428371
0.470857
0.512304
0.554074
0.59513
0.633746
0.670088
0.704668
0.736115
0.764517
0.789705
0.812419
0.832535
0.849801
0.865006
0.877907
0.889498
0.898844
0.907519
0.914788
0.920968
0.926496
0.931432
0.935887
0.939831
0.943452
0.946817
0.950059
0.953243
0.956263
0.959237
0.962105
0.965005
0.967818
0.97059
0.973312
0.975945
0.978542
0.980988
0.983293
0.98547
0.987481
0.989303
0.990989
0.992519
0.993818
0.994967
0.99591
0.996698
0.99739
0.997957
0.998387
0.998792
0.99909
0.999331
0.999485
0.999616
0.999708
0.999784
0.999825
0.999872
0.999894
0.999898
0.999915
0.999923
0.999933
0.999935
0.999937
0.999939
0.999941
0.999942
0.999944
0.999944
0.999944
0.0480929
0.0484245
0.0488072
0.049736
0.0508595
0.0523915
0.053855
0.0562065
0.059011
0.062177
0.065778
0.0711275
0.0765251
0.0837942
0.0929539
0.103128
0.116695
0.133081
0.150085
0.172286
0.19661
0.22581
0.257165
0.29231
0.329885
0.36985
0.412751
0.455409
0.499134
0.542103
0.584519
0.623996
0.662989
0.697699
0.731174
0.759764
0.785717
0.809381
0.830156
0.847241
0.863105
0.875867
0.888169
0.897248
0.906226
0.913266
0.919636
0.925262
0.929944
0.934399
0.938393
0.941859
0.945214
0.948393
0.95133
0.954232
0.957042
0.959886
0.962604
0.965341
0.968023
0.970678
0.973253
0.97588
0.978367
0.980815
0.983052
0.98523
0.987243
0.989067
0.990628
0.992221
0.993373
0.994679
0.995695
0.996496
0.997218
0.997881
0.998302
0.998694
0.998999
0.999245
0.999415
0.999534
0.999656
0.999734
0.999817
0.999848
0.99987
0.999889
0.9999
0.999912
0.999924
0.999933
0.999935
0.999938
0.999936
0.999941
0.999943
0.999943
0.0459044
0.0462147
0.0465435
0.0473017
0.0480571
0.0494371
0.0508071
0.052571
0.0545139
0.0576808
0.0606948
0.0648165
0.0702614
0.0765572
0.0837042
0.0938791
0.105002
0.11983
0.137441
0.156845
0.181008
0.208402
0.23989
0.274047
0.312362
0.35242
0.395271
0.440011
0.484074
0.529238
0.573332
0.613848
0.653871
0.690237
0.724789
0.755027
0.781983
0.80648
0.827129
0.845486
0.860833
0.875097
0.88621
0.896533
0.904759
0.912228
0.918516
0.924086
0.928846
0.933101
0.936996
0.940622
0.943804
0.946846
0.949752
0.952541
0.955225
0.957941
0.96052
0.963144
0.965694
0.968354
0.970862
0.973377
0.97582
0.978241
0.980531
0.982795
0.984879
0.986891
0.988746
0.990409
0.991824
0.993185
0.994311
0.995414
0.996202
0.996925
0.997625
0.998099
0.998553
0.998834
0.999144
0.999368
0.999484
0.999554
0.999665
0.999738
0.999796
0.999843
0.999869
0.999884
0.999897
0.999899
0.999921
0.999931
0.99993
0.99993
0.999933
0.999936
0.0439343
0.044091
0.0444256
0.0449358
0.0457627
0.0468063
0.0479803
0.0494867
0.0512592
0.0534454
0.056267
0.0598222
0.0641501
0.0693707
0.0765525
0.0849897
0.0952892
0.108753
0.123756
0.143642
0.165646
0.191247
0.222726
0.25549
0.293414
0.334255
0.378424
0.423249
0.469707
0.515061
0.560338
0.604415
0.644886
0.68319
0.718062
0.749315
0.778271
0.802694
0.824241
0.843387
0.858741
0.8737
0.885248
0.895391
0.90392
0.911138
0.917572
0.923163
0.927919
0.932279
0.936122
0.939565
0.942624
0.94567
0.948475
0.951201
0.953781
0.956286
0.95879
0.961178
0.963655
0.966085
0.968574
0.970971
0.973437
0.975842
0.978136
0.980396
0.982577
0.984598
0.98654
0.98829
0.990013
0.991426
0.992846
0.993993
0.995148
0.995909
0.996648
0.997306
0.997814
0.998285
0.998561
0.998901
0.999182
0.999348
0.999472
0.999582
0.99967
0.999716
0.999777
0.999824
0.999863
0.999864
0.999895
0.999896
0.999901
0.999914
0.999917
0.999922
0.0421189
0.0423124
0.0425502
0.0430051
0.0435861
0.0443954
0.0453556
0.0467017
0.0480949
0.0502341
0.0523322
0.0553064
0.0589256
0.0635413
0.0697937
0.0763653
0.0864727
0.0980426
0.111744
0.129287
0.150712
0.175373
0.204716
0.237105
0.274289
0.315323
0.359662
0.405237
0.452474
0.499787
0.547277
0.591721
0.635006
0.674588
0.711315
0.743803
0.773916
0.798528
0.821442
0.841153
0.857053
0.872271
0.883819
0.894207
0.902916
0.910471
0.916753
0.92246
0.927168
0.931539
0.935281
0.938776
0.941769
0.944775
0.947399
0.949962
0.952495
0.954946
0.95735
0.959653
0.962105
0.96432
0.966683
0.969012
0.97131
0.973654
0.975825
0.978036
0.980269
0.982349
0.984363
0.986213
0.987978
0.989521
0.991049
0.9923
0.993549
0.99467
0.995504
0.996344
0.996957
0.997525
0.997959
0.998346
0.998629
0.998944
0.999147
0.99935
0.999476
0.99957
0.999634
0.99967
0.999733
0.999779
0.999804
0.999835
0.999862
0.999874
0.999887
0.999901
0.0405227
0.0406658
0.0408163
0.0412102
0.0416927
0.0423695
0.0432435
0.0441471
0.0453309
0.0469574
0.0490159
0.051244
0.0541213
0.0582409
0.0628528
0.0694481
0.0774453
0.0878837
0.100809
0.116997
0.135587
0.158955
0.187239
0.219783
0.254486
0.295506
0.340158
0.385566
0.435063
0.48257
0.531112
0.57906
0.622839
0.665055
0.702957
0.737115
0.768589
0.79418
0.81879
0.838062
0.855708
0.870366
0.882557
0.89324
0.901807
0.909636
0.915744
0.921846
0.926479
0.93088
0.934571
0.938011
0.941096
0.943996
0.946557
0.949163
0.951556
0.953838
0.956036
0.958265
0.960566
0.962854
0.965019
0.967245
0.96951
0.97169
0.973911
0.976007
0.978128
0.980219
0.982278
0.98415
0.985923
0.987582
0.989144
0.990631
0.991935
0.993036
0.994178
0.995034
0.995909
0.99654
0.997112
0.997685
0.998085
0.998438
0.998651
0.998869
0.999092
0.999242
0.999389
0.999507
0.999574
0.999647
0.999692
0.999721
0.999767
0.999802
0.999817
0.999838
0.0390209
0.0391154
0.0393029
0.0395915
0.039987
0.04051
0.0411196
0.0418936
0.0429033
0.0441836
0.0457039
0.0475564
0.0500944
0.0536046
0.0577668
0.0627911
0.0705317
0.0783924
0.0902774
0.103893
0.122499
0.144679
0.168381
0.200384
0.233738
0.274819
0.318566
0.365209
0.414667
0.464555
0.514985
0.56396
0.610466
0.654021
0.693687
0.730703
0.761415
0.790744
0.814404
0.834995
0.853309
0.868358
0.881143
0.891867
0.901036
0.90885
0.915298
0.920959
0.926015
0.930326
0.934018
0.93744
0.940511
0.943313
0.94591
0.948393
0.950724
0.952992
0.955173
0.957371
0.959455
0.961616
0.963684
0.965751
0.96784
0.970017
0.972043
0.974177
0.976278
0.978308
0.980242
0.982138
0.983979
0.985679
0.987318
0.988825
0.990247
0.991417
0.992613
0.993698
0.994575
0.995428
0.996076
0.996663
0.997277
0.997645
0.998064
0.998374
0.998615
0.998855
0.999023
0.999157
0.999291
0.999379
0.999481
0.999552
0.999604
0.999659
0.999699
0.999725
0.0376076
0.0377059
0.0378438
0.0380547
0.038399
0.0387824
0.0392747
0.0399106
0.0406924
0.0416915
0.0428577
0.0445156
0.0465923
0.0492003
0.0524925
0.0571833
0.0634405
0.0710792
0.080395
0.093236
0.108169
0.128356
0.153099
0.180065
0.214376
0.253204
0.295483
0.342676
0.39254
0.443984
0.495188
0.546164
0.596029
0.640279
0.683642
0.720804
0.754719
0.78431
0.810118
0.831838
0.850789
0.866272
0.879702
0.890475
0.900286
0.907817
0.914778
0.9203
0.92538
0.92967
0.93347
0.936962
0.940005
0.942762
0.945342
0.947783
0.950072
0.95226
0.954377
0.956484
0.958533
0.960566
0.962607
0.964564
0.966617
0.96864
0.970736
0.972648
0.974635
0.97654
0.978494
0.980386
0.982248
0.983884
0.985527
0.987111
0.988539
0.989854
0.991064
0.992232
0.993256
0.994113
0.994943
0.995627
0.996224
0.996802
0.997182
0.997641
0.997967
0.99829
0.998522
0.998732
0.998913
0.999073
0.99918
0.999296
0.999389
0.999476
0.999534
0.999564
0.0363013
0.0363423
0.0364773
0.0366393
0.0369031
0.0372306
0.0375534
0.0380967
0.0386332
0.0394482
0.0404141
0.0416788
0.0432253
0.045363
0.0482278
0.0517334
0.0563716
0.0635233
0.0713244
0.0827041
0.0950156
0.114053
0.134952
0.161424
0.193528
0.229478
0.271287
0.318312
0.367399
0.419729
0.473739
0.526439
0.577482
0.625994
0.67103
0.710347
0.747507
0.777496
0.805711
0.827192
0.847055
0.864222
0.877613
0.889115
0.898917
0.907064
0.91397
0.919612
0.924828
0.929193
0.932993
0.936492
0.93952
0.942296
0.944881
0.947284
0.949522
0.951701
0.953767
0.955813
0.957787
0.959765
0.961654
0.963625
0.96558
0.967417
0.969419
0.971322
0.973227
0.975168
0.976982
0.978768
0.980522
0.982208
0.983871
0.985466
0.986871
0.988268
0.989521
0.990734
0.991781
0.992808
0.993649
0.994446
0.995098
0.995748
0.996304
0.996764
0.997198
0.997543
0.997892
0.998177
0.998385
0.998575
0.998772
0.998901
0.999032
0.999152
0.999241
0.999298
0.0350335
0.0350734
0.0351463
0.0352883
0.0354477
0.0357193
0.0359961
0.0363079
0.0367625
0.0373046
0.0380632
0.039087
0.0403029
0.042125
0.0440208
0.0470589
0.0510787
0.0559993
0.0636766
0.0723859
0.0845033
0.100275
0.118938
0.142381
0.171917
0.205822
0.246658
0.29206
0.341531
0.394002
0.448726
0.503564
0.557618
0.609298
0.655135
0.69764
0.735173
0.769542
0.797701
0.822996
0.843875
0.860464
0.875488
0.888002
0.897504
0.905798
0.913194
0.919085
0.924008
0.928725
0.932534
0.936082
0.939113
0.941943
0.944437
0.946864
0.949098
0.951213
0.953235
0.955223
0.95714
0.959084
0.960996
0.962796
0.964704
0.966543
0.968356
0.970247
0.972043
0.973822
0.975624
0.977384
0.979114
0.98079
0.98237
0.983905
0.985369
0.986794
0.988083
0.989272
0.990399
0.991413
0.992362
0.993232
0.993987
0.994639
0.995271
0.995801
0.996283
0.996728
0.997051
0.997402
0.997727
0.997985
0.998184
0.998379
0.998589
0.998737
0.998875
0.998953
0.0338137
0.0338328
0.0338952
0.0339821
0.0341109
0.0342396
0.0344338
0.0347241
0.0349987
0.035437
0.0358759
0.036645
0.0374777
0.0390782
0.0406796
0.0426168
0.0458255
0.0499739
0.0555108
0.0631153
0.0738295
0.0857966
0.104028
0.122688
0.148905
0.18207
0.220329
0.262744
0.313237
0.363743
0.420325
0.476997
0.532779
0.585534
0.637653
0.683598
0.722726
0.760426
0.78927
0.816952
0.838178
0.857398
0.871745
0.886043
0.895992
0.904745
0.912211
0.918211
0.92336
0.928207
0.932014
0.93569
0.938664
0.941575
0.944051
0.946491
0.948691
0.9508
0.952805
0.954766
0.956644
0.958484
0.960346
0.962143
0.963921
0.965691
0.967498
0.969267
0.971048
0.97278
0.974504
0.976146
0.97786
0.979499
0.981074
0.982558
0.98399
0.985378
0.986655
0.987868
0.989043
0.990091
0.991053
0.991971
0.992782
0.993513
0.994164
0.994778
0.995277
0.995787
0.996232
0.99662
0.996926
0.99726
0.997576
0.99777
0.99799
0.998219
0.998374
0.998502
0.0326214
0.0326389
0.0326831
0.0327262
0.0327988
0.0328603
0.0329573
0.0331103
0.0332561
0.0335215
0.0338363
0.0344432
0.0350848
0.035905
0.0372302
0.0390927
0.0413295
0.0446138
0.0489652
0.0544544
0.0631731
0.0725063
0.0884685
0.105299
0.128995
0.155488
0.193906
0.232588
0.280292
0.330383
0.386932
0.44491
0.503363
0.560791
0.612912
0.664691
0.707241
0.748072
0.780045
0.808925
0.832547
0.853524
0.869453
0.883123
0.893958
0.903654
0.911008
0.917387
0.922698
0.927643
0.931552
0.935127
0.938348
0.941124
0.943709
0.946083
0.948305
0.950397
0.952367
0.954311
0.956176
0.957975
0.959774
0.961511
0.963295
0.965031
0.966732
0.968448
0.970162
0.97182
0.973479
0.975136
0.976729
0.978308
0.979824
0.981347
0.982749
0.984095
0.98535
0.986561
0.98774
0.988816
0.989799
0.990721
0.991584
0.992331
0.99306
0.993682
0.994282
0.994783
0.995275
0.99571
0.996103
0.996439
0.99678
0.997054
0.997342
0.997586
0.99779
0.997919
0.0314418
0.0314521
0.0314683
0.0314835
0.0315102
0.031533
0.0315599
0.0315666
0.0316847
0.0317399
0.0318882
0.0321681
0.0326949
0.0332196
0.0341732
0.0356322
0.0370424
0.0397777
0.0429417
0.0471507
0.0542289
0.0626176
0.073257
0.0888783
0.108254
0.13333
0.164004
0.203065
0.244955
0.294883
0.351281
0.410153
0.468194
0.529155
0.587129
0.639188
0.68903
0.730791
0.768252
0.798365
0.826363
0.847219
0.863648
0.879511
0.891814
0.901597
0.909717
0.916416
0.922009
0.92684
0.931168
0.934561
0.937907
0.940741
0.943345
0.94574
0.947946
0.950046
0.95202
0.953916
0.955765
0.957532
0.959297
0.961019
0.962718
0.964389
0.966076
0.967744
0.969366
0.971006
0.972625
0.974226
0.975772
0.977306
0.978783
0.980215
0.981607
0.982961
0.984205
0.985365
0.986522
0.987633
0.988601
0.989513
0.99039
0.991181
0.991909
0.99259
0.993204
0.993772
0.994286
0.994744
0.995187
0.995565
0.995917
0.996247
0.996582
0.996882
0.997082
0.997273
0.0302803
0.0302795
0.0302872
0.0302687
0.0302424
0.0301801
0.0301492
0.0300887
0.030046
0.0300222
0.0300616
0.0302258
0.0303396
0.0307626
0.0313495
0.0320071
0.0333497
0.0350064
0.0373456
0.0408446
0.0451097
0.0524406
0.0617899
0.0730896
0.0884824
0.109206
0.135216
0.171472
0.211284
0.255313
0.30875
0.367974
0.430811
0.491948
0.552077
0.610722
0.661132
0.711242
0.750359
0.788121
0.81572
0.840945
0.858477
0.8753
0.887843
0.899523
0.907561
0.915241
0.920837
0.925985
0.930224
0.934076
0.937472
0.940338
0.942951
0.945372
0.947626
0.949687
0.95167
0.953553
0.955378
0.957127
0.958854
0.96054
0.962208
0.963875
0.9655
0.967095
0.968687
0.970288
0.971832
0.973371
0.974893
0.976341
0.977796
0.979196
0.980544
0.981839
0.983093
0.984267
0.985358
0.986432
0.98742
0.98836
0.989232
0.99004
0.990775
0.991498
0.992111
0.992723
0.993248
0.993767
0.994226
0.994646
0.995034
0.995402
0.995738
0.996078
0.996334
0.996536
0.0291178
0.029112
0.0290906
0.0290472
0.0289864
0.0288931
0.0287774
0.028642
0.028487
0.0283912
0.0282692
0.0282199
0.0282587
0.028302
0.0285993
0.028991
0.0299135
0.0308244
0.0329282
0.0349367
0.0382356
0.043697
0.0506606
0.0594274
0.0711395
0.0886505
0.109975
0.137587
0.176688
0.214403
0.266423
0.323113
0.381088
0.446868
0.509624
0.570196
0.630208
0.679701
0.729854
0.768182
0.802575
0.827714
0.851319
0.868251
0.883851
0.895705
0.905307
0.913146
0.919442
0.925114
0.92929
0.933436
0.936827
0.939915
0.942494
0.944984
0.947246
0.949326
0.951317
0.953182
0.955004
0.956738
0.95844
0.960104
0.961751
0.963349
0.964968
0.966532
0.968096
0.969628
0.971123
0.972624
0.974061
0.975518
0.976894
0.978263
0.979589
0.980838
0.982057
0.983187
0.984301
0.985347
0.986317
0.987242
0.988119
0.98891
0.989676
0.990391
0.991036
0.991649
0.992202
0.992735
0.993222
0.99367
0.994102
0.994492
0.994855
0.995199
0.995534
0.995728
0.0279537
0.0279457
0.0279085
0.0278443
0.0277309
0.0275923
0.0274016
0.0272124
0.0269756
0.0267119
0.0265738
0.0263161
0.0261453
0.0261993
0.0261921
0.0262771
0.026555
0.0272852
0.0285109
0.0296694
0.032149
0.0355117
0.0401575
0.0482029
0.0575656
0.0695117
0.0856686
0.109214
0.140159
0.176433
0.221177
0.272812
0.331365
0.393573
0.460016
0.527193
0.587478
0.646156
0.693966
0.740718
0.780421
0.812203
0.837815
0.860295
0.877087
0.891299
0.901715
0.910506
0.917745
0.923506
0.928333
0.932516
0.936146
0.939233
0.941989
0.944582
0.94682
0.948947
0.950937
0.952802
0.954607
0.956355
0.958029
0.959672
0.96129
0.962878
0.964432
0.965969
0.967505
0.968985
0.970465
0.971907
0.973337
0.974705
0.976071
0.977391
0.978661
0.979888
0.981074
0.982201
0.983262
0.984284
0.985267
0.986161
0.987025
0.987825
0.988591
0.989295
0.98996
0.990574
0.991155
0.991692
0.992208
0.99267
0.993115
0.99354
0.993924
0.994315
0.994668
0.994883
0.0267855
0.0267591
0.0267252
0.0266195
0.0264854
0.0263048
0.0260672
0.0258013
0.0255057
0.0251711
0.0248557
0.0245151
0.0242688
0.0239229
0.0238629
0.0236647
0.0237909
0.0240195
0.0245012
0.0253195
0.0268673
0.0288978
0.0323826
0.036395
0.0427052
0.0538435
0.066208
0.0869954
0.10677
0.135786
0.176158
0.221919
0.276664
0.337839
0.401928
0.467728
0.535659
0.599166
0.655784
0.711228
0.752536
0.790625
0.821703
0.846813
0.867136
0.883303
0.896668
0.906418
0.91488
0.921353
0.926795
0.931142
0.935081
0.938394
0.941397
0.943979
0.946308
0.948491
0.950459
0.952391
0.954189
0.95596
0.957609
0.959231
0.960836
0.962403
0.963913
0.965435
0.966903
0.96837
0.969821
0.971223
0.972605
0.973947
0.975257
0.97653
0.977778
0.978971
0.980108
0.981209
0.982259
0.983255
0.984201
0.985111
0.985933
0.986751
0.987499
0.988203
0.988877
0.989499
0.990086
0.990637
0.991155
0.991645
0.992113
0.992549
0.992965
0.993365
0.993742
0.993984
0.0256015
0.0255785
0.0255047
0.0254053
0.0252353
0.025009
0.0247301
0.0244341
0.0240573
0.0236451
0.0232217
0.0227852
0.0223343
0.0219791
0.0215475
0.0212558
0.0210056
0.0210185
0.0212762
0.021679
0.0224554
0.0231275
0.0258803
0.0289642
0.0340246
0.0384557
0.0481174
0.0604159
0.0800429
0.105724
0.130789
0.172269
0.219552
0.276376
0.338656
0.405076
0.472587
0.540239
0.599829
0.663634
0.71699
0.759991
0.797771
0.82598
0.852791
0.872498
0.887574
0.90024
0.910071
0.917548
0.924004
0.929267
0.933648
0.937399
0.940376
0.943251
0.94551
0.947798
0.949919
0.951865
0.953695
0.955403
0.957108
0.95875
0.960316
0.961871
0.963392
0.964876
0.966312
0.967736
0.969155
0.970537
0.971866
0.973172
0.974449
0.975689
0.976885
0.978047
0.979173
0.980209
0.981256
0.982227
0.98315
0.984038
0.984867
0.985658
0.986405
0.987113
0.987789
0.988409
0.989001
0.989567
0.990095
0.990601
0.991077
0.991535
0.991957
0.992393
0.992786
0.993049
0.0244088
0.0243761
0.024299
0.0241862
0.0239638
0.0237251
0.0233993
0.0230361
0.0226004
0.0221164
0.0216097
0.0210876
0.0205752
0.0200501
0.0195637
0.0190999
0.0186654
0.0183185
0.0179802
0.0180965
0.0181012
0.0186219
0.0194147
0.0214055
0.0241883
0.0291085
0.0355495
0.0425205
0.055182
0.0739614
0.0970394
0.123986
0.165576
0.215219
0.269635
0.333684
0.401526
0.472914
0.541752
0.603332
0.660988
0.718438
0.760976
0.801317
0.827281
0.855551
0.874499
0.890813
0.902644
0.911732
0.920089
0.925672
0.930766
0.934882
0.938889
0.941731
0.944364
0.946771
0.9491
0.951076
0.952932
0.954801
0.956486
0.958112
0.95975
0.96119
0.962669
0.964142
0.965603
0.967042
0.968395
0.969729
0.971072
0.972361
0.973602
0.974772
0.975968
0.977105
0.978182
0.979211
0.980226
0.981164
0.982076
0.982942
0.983763
0.984544
0.98528
0.985991
0.98667
0.987287
0.987899
0.988464
0.989006
0.989524
0.990014
0.990502
0.990937
0.99138
0.991804
0.992089
0.0232083
0.0231691
0.0230784
0.0229271
0.022727
0.0224656
0.0221136
0.0216657
0.021189
0.0206703
0.0201104
0.0195145
0.0188657
0.0182474
0.0176149
0.0170484
0.0164179
0.0159749
0.0155622
0.0151367
0.0150943
0.0150149
0.0152808
0.0162955
0.0175857
0.0198786
0.0226398
0.0300138
0.0365543
0.0502591
0.0653063
0.0886234
0.117982
0.154463
0.204989
0.258306
0.323015
0.390754
0.461335
0.528894
0.59535
0.65605
0.714593
0.758461
0.796466
0.826784
0.856967
0.876013
0.890361
0.901705
0.910389
0.91938
0.926258
0.931649
0.935605
0.939174
0.942548
0.94507
0.9474
0.949554
0.951849
0.953775
0.955525
0.957243
0.958769
0.960254
0.961837
0.963265
0.964654
0.966093
0.967492
0.968876
0.970113
0.971375
0.972522
0.973785
0.974921
0.976027
0.977076
0.978108
0.979087
0.980033
0.98093
0.981783
0.982589
0.983374
0.984124
0.984792
0.985457
0.986118
0.986726
0.987321
0.987876
0.988405
0.988923
0.989407
0.989853
0.990354
0.990779
0.991075
0.0220009
0.0219386
0.0218804
0.0217117
0.0214904
0.021194
0.0208055
0.0203387
0.0197963
0.0192045
0.0186208
0.0179282
0.0172325
0.0165652
0.0158482
0.0151397
0.0145212
0.0139176
0.0133412
0.0129165
0.012476
0.0122896
0.0123342
0.012323
0.0128274
0.0136597
0.0155033
0.018432
0.0242071
0.0324477
0.041397
0.0544386
0.0764602
0.105953
0.142531
0.187004
0.247123
0.305584
0.375187
0.444395
0.51472
0.577223
0.640896
0.694883
0.744253
0.782831
0.815338
0.841404
0.867689
0.884689
0.899513
0.908776
0.916001
0.924305
0.931133
0.934691
0.938316
0.941877
0.944796
0.947637
0.949918
0.952109
0.953862
0.95574
0.957487
0.958729
0.960413
0.961977
0.963468
0.964805
0.966147
0.967458
0.968752
0.97008
0.971264
0.972402
0.973563
0.974738
0.975849
0.97687
0.977777
0.978734
0.97964
0.980516
0.981334
0.982111
0.98285
0.983569
0.984245
0.984879
0.98552
0.986109
0.986697
0.98724
0.987766
0.988286
0.988793
0.98929
0.989684
0.990028
0.0207896
0.0207345
0.0206637
0.0204728
0.0202294
0.0199207
0.0195096
0.0190263
0.0184529
0.0178311
0.0171594
0.016493
0.0157341
0.0149793
0.014249
0.0135023
0.0127446
0.0120176
0.0114268
0.0109088
0.0102743
0.00987205
0.0095227
0.0092816
0.00942949
0.00970139
0.0103316
0.0116246
0.0137603
0.0174097
0.0244644
0.0375183
0.0477453
0.0703209
0.0929638
0.131771
0.170844
0.229506
0.283847
0.353279
0.423422
0.493911
0.560678
0.626583
0.679195
0.730913
0.77223
0.804022
0.830205
0.856891
0.873815
0.892828
0.898904
0.91069
0.920172
0.927299
0.931841
0.935038
0.939036
0.942418
0.945264
0.948513
0.950295
0.952412
0.953946
0.956411
0.958237
0.959785
0.961469
0.963032
0.96442
0.965742
0.967054
0.968329
0.969502
0.970739
0.972027
0.973192
0.974047
0.975063
0.976214
0.977219
0.978103
0.979016
0.979832
0.980611
0.981403
0.982121
0.982853
0.983502
0.984207
0.984852
0.985443
0.985973
0.986581
0.987098
0.987608
0.988125
0.988592
0.988955
0.0195891
0.01954
0.0194329
0.0192726
0.019014
0.0186776
0.0182364
0.0177392
0.0171083
0.0164922
0.0157749
0.0150431
0.0142658
0.0134724
0.0126863
0.0119329
0.0112142
0.0104771
0.00971884
0.00898631
0.00847636
0.00796485
0.00758912
0.00727715
0.00692823
0.00694449
0.00706265
0.00745194
0.00835728
0.0105525
0.0129619
0.0176676
0.0275716
0.0374272
0.0521335
0.0815746
0.111589
0.150956
0.202466
0.260833
0.326069
0.397335
0.466006
0.530293
0.596174
0.649004
0.699255
0.750204
0.782758
0.813324
0.838032
0.858915
0.880184
0.891092
0.899008
0.908408
0.918015
0.925014
0.930951
0.934356
0.938076
0.941649
0.945404
0.948258
0.950202
0.952103
0.954252
0.955996
0.957355
0.958885
0.961192
0.962406
0.964232
0.965585
0.967107
0.968521
0.969339
0.97043
0.971894
0.973108
0.974076
0.975118
0.976097
0.976977
0.977958
0.978865
0.979649
0.980482
0.981254
0.982016
0.982641
0.98332
0.983943
0.984621
0.985179
0.985799
0.986332
0.986915
0.98745
0.987815
0.0184042
0.0183521
0.018252
0.0180859
0.0177952
0.017449
0.0170213
0.016485
0.0158723
0.0152229
0.0144825
0.0137225
0.0129346
0.0121409
0.0113392
0.0105142
0.00973438
0.00901948
0.00834159
0.00771045
0.00709966
0.00649799
0.00599275
0.00558581
0.00533336
0.00501031
0.00494251
0.00506435
0.0055646
0.00590202
0.0070721
0.0101877
0.0126597
0.0209865
0.0307881
0.0416383
0.0700411
0.0931005
0.137036
0.178485
0.237517
0.294638
0.36352
0.432444
0.500399
0.567301
0.618569
0.669678
0.720362
0.760278
0.796339
0.823597
0.845077
0.863764
0.879554
0.889515
0.89943
0.907571
0.9169
0.922718
0.927794
0.931573
0.934713
0.939355
0.941752
0.945215
0.94777
0.949527
0.952689
0.954523
0.95626
0.958216
0.959951
0.961519
0.963004
0.96445
0.966362
0.967557
0.96874
0.970188
0.971609
0.972809
0.973822
0.974777
0.975717
0.976749
0.977758
0.978583
0.979357
0.980163
0.981009
0.981721
0.982407
0.983099
0.983705
0.984345
0.985018
0.985612
0.986119
0.986568
0.017235
0.0171944
0.0170794
0.0169127
0.0166276
0.0162709
0.0158121
0.0152669
0.0146637
0.0139716
0.0132188
0.0124518
0.0116355
0.0108355
0.0100539
0.00928287
0.008516
0.00776844
0.00704376
0.00643493
0.00580779
0.00529731
0.00477732
0.0043071
0.00392232
0.0036841
0.00338095
0.00310989
0.00314403
0.00334365
0.00410816
0.00489566
0.00688596
0.00919663
0.0127768
0.0231969
0.0335722
0.0548995
0.0786191
0.112791
0.152936
0.206921
0.262119
0.328963
0.394651
0.461716
0.525329
0.586658
0.640304
0.686835
0.725693
0.757071
0.793589
0.819344
0.840074
0.855459
0.869787
0.884999
0.891475
0.903972
0.910924
0.917465
0.922357
0.926558
0.930532
0.935131
0.938916
0.942755
0.944865
0.947108
0.949745
0.951628
0.953965
0.956036
0.958456
0.960137
0.961595
0.962987
0.964639
0.966029
0.96749
0.969149
0.970337
0.971676
0.972822
0.974001
0.974955
0.975933
0.976997
0.977942
0.978884
0.979676
0.980581
0.98136
0.982141
0.982799
0.983454
0.984279
0.984774
0.985215
0.016114
0.0160623
0.0159493
0.0157807
0.0154801
0.0151161
0.0146549
0.0141379
0.0135151
0.0128369
0.012096
0.0113434
0.0105276
0.00972025
0.00890691
0.00813043
0.00738591
0.00670851
0.00605205
0.00537331
0.00482385
0.00433971
0.0038399
0.00340136
0.00303512
0.00268257
0.00246394
0.00220876
0.00216345
0.00222644
0.00223746
0.00247561
0.00304516
0.00421273
0.00645249
0.00902981
0.0180132
0.0267152
0.0366091
0.0640788
0.0953459
0.131101
0.176145
0.232954
0.291051
0.356013
0.420898
0.483305
0.542723
0.59657
0.651053
0.692698
0.73072
0.759539
0.78799
0.815407
0.832997
0.848835
0.864062
0.87158
0.884896
0.893763
0.902412
0.90936
0.914643
0.919973
0.923008
0.92812
0.932443
0.936471
0.940068
0.942853
0.946113
0.948277
0.95015
0.953119
0.955215
0.95747
0.959562
0.961545
0.962628
0.96423
0.966278
0.967485
0.968899
0.970397
0.971991
0.973071
0.97426
0.975364
0.976393
0.977484
0.978467
0.979401
0.980221
0.980952
0.981838
0.982572
0.983241
0.983745
0.0150206
0.0149489
0.0148708
0.0146629
0.0144032
0.0140507
0.0135606
0.0130532
0.0124078
0.0117348
0.0110178
0.0102175
0.00942817
0.00865982
0.00788851
0.00715718
0.00644145
0.00576252
0.00510182
0.00450099
0.00398446
0.00350961
0.00308722
0.00268386
0.00237153
0.00206838
0.00179214
0.00158654
0.00144592
0.00134166
0.00137204
0.0012343
0.00181143
0.00212228
0.0040143
0.00529983
0.00784812
0.0138962
0.0213774
0.0329314
0.0472734
0.0800873
0.110964
0.150185
0.202776
0.253882
0.315802
0.378704
0.441842
0.497478
0.554338
0.607329
0.647817
0.691358
0.720388
0.753892
0.778064
0.802062
0.819979
0.836249
0.851169
0.863948
0.875246
0.885
0.89256
0.898716
0.9068
0.91021
0.916332
0.921382
0.924659
0.929917
0.932778
0.936108
0.939862
0.942542
0.946838
0.949021
0.951026
0.953689
0.956099
0.957645
0.960129
0.96227
0.964321
0.965797
0.967405
0.96905
0.970718
0.972081
0.973374
0.974629
0.975584
0.976848
0.977906
0.978959
0.979679
0.980767
0.981493
0.982114
0.0139642
0.0139079
0.0138254
0.0136156
0.0133559
0.0129745
0.0125054
0.0119808
0.0113895
0.0107057
0.00999693
0.00924021
0.00848659
0.00772288
0.00696915
0.00626012
0.00556945
0.00492534
0.00434143
0.00380506
0.00335087
0.00288818
0.00248456
0.00216772
0.00185917
0.00159759
0.00137227
0.0011839
0.0010294
0.000888858
0.000759132
0.000634671
0.000509015
0.000337564
0.000722756
0.00169115
0.00281185
0.00340919
0.00807494
0.012966
0.0254559
0.0397715
0.0630343
0.0885714
0.129855
0.173039
0.224349
0.281428
0.34256
0.399435
0.456759
0.510649
0.563426
0.608912
0.651636
0.684553
0.718236
0.744976
0.769994
0.78835
0.807415
0.823078
0.837072
0.848962
0.860819
0.871966
0.880479
0.888533
0.894558
0.901325
0.907909
0.912049
0.919075
0.922694
0.926862
0.930893
0.935144
0.939291
0.942258
0.94512
0.948178
0.951025
0.953339
0.956065
0.958047
0.960632
0.962578
0.96444
0.966363
0.967974
0.969667
0.971321
0.972686
0.9739
0.975211
0.97645
0.977508
0.978545
0.979455
0.980258
0.0129801
0.0129159
0.0128033
0.0126226
0.0123677
0.0120204
0.011557
0.0110441
0.0104462
0.00977978
0.00909203
0.00835285
0.00760778
0.00687214
0.00617789
0.00547678
0.00481595
0.00423998
0.00368039
0.00319246
0.00276253
0.00238475
0.00205278
0.00174412
0.00146513
0.00123211
0.00105087
0.00087804
0.000747477
0.000630828
0.000539693
0.000448456
0.000367981
0.000237068
0.000284586
0.00047448
0.000711782
0.00159212
0.00223804
0.00610245
0.0100914
0.0200589
0.0328391
0.0552846
0.0719674
0.109529
0.147249
0.195975
0.24616
0.301869
0.35809
0.414267
0.468293
0.519852
0.56482
0.607091
0.643341
0.678351
0.707679
0.733472
0.754631
0.778233
0.794558
0.811181
0.825138
0.836502
0.848257
0.858817
0.867274
0.877628
0.884859
0.892527
0.898402
0.905293
0.910001
0.916063
0.919943
0.92449
0.929851
0.933873
0.937816
0.941218
0.944784
0.947619
0.950677
0.953688
0.956313
0.958852
0.961318
0.963521
0.965361
0.96709
0.968808
0.970599
0.972011
0.973445
0.974698
0.976115
0.977193
0.977995
0.0120306
0.0119797
0.0118844
0.0116915
0.0113963
0.0110483
0.0106302
0.0101617
0.00956559
0.00895034
0.00824302
0.00754934
0.00681837
0.00610879
0.00542652
0.0047538
0.00419064
0.00362791
0.00315338
0.00271087
0.00229926
0.00194149
0.0016461
0.00137189
0.00117155
0.000995889
0.000809634
0.000681011
0.000557164
0.000468652
0.000392447
0.000323463
0.000243596
0.000187743
0.00018657
0.000227676
0.00028563
0.000610162
0.000945412
0.00193582
0.00398683
0.00752155
0.0106725
0.0237047
0.0386315
0.060181
0.0895225
0.12294
0.170374
0.217862
0.264521
0.320529
0.374667
0.427705
0.477779
0.523048
0.565112
0.604128
0.639853
0.670126
0.697379
0.721311
0.74294
0.764667
0.782616
0.797774
0.812122
0.825286
0.835467
0.846904
0.858263
0.866256
0.87617
0.882672
0.890663
0.897334
0.904035
0.909764
0.915061
0.920346
0.925171
0.929704
0.933924
0.938056
0.942006
0.945367
0.948954
0.951489
0.953765
0.957221
0.959357
0.962174
0.964182
0.966364
0.968301
0.969925
0.971451
0.97311
0.974387
0.975478
0.0111314
0.0110628
0.0109615
0.0107899
0.0105514
0.0102287
0.00979341
0.00932841
0.00873814
0.00814033
0.0074944
0.00683771
0.00613147
0.0054675
0.00480253
0.0042224
0.0036478
0.00313005
0.00267989
0.00228255
0.00192811
0.00164949
0.00135331
0.00112398
0.000929463
0.000764179
0.000646584
0.000531903
0.000443287
0.000357863
0.000294095
0.000234684
0.000192095
0.000148895
0.000113568
0.000139006
0.000102591
8.89375e-05
0.000304497
0.000722234
0.00113137
0.00329873
0.00483722
0.0132791
0.0195342
0.0317612
0.0481751
0.0759679
0.103301
0.148034
0.192592
0.236783
0.289739
0.338948
0.389661
0.438624
0.482325
0.52565
0.565203
0.601426
0.633128
0.661509
0.688657
0.709695
0.732967
0.752769
0.769404
0.784917
0.800068
0.812655
0.82559
0.837918
0.848408
0.858395
0.866744
0.875454
0.882979
0.8899
0.897638
0.903937
0.910118
0.915606
0.9212
0.92549
0.930499
0.934871
0.938763
0.943419
0.946781
0.950283
0.95334
0.956103
0.958798
0.960797
0.963441
0.965619
0.967603
0.96948
0.971255
0.972549
0.0103059
0.0102517
0.0101413
0.00995349
0.00971126
0.00939522
0.00900624
0.00857027
0.00802028
0.00743744
0.00683027
0.00616383
0.00549951
0.00486499
0.00427127
0.00369186
0.00316516
0.00271874
0.0022899
0.00191491
0.00161973
0.00134109
0.00108243
0.000920189
0.000757948
0.000625926
0.000517508
0.000418962
0.000343157
0.000288283
0.000232701
0.000189921
0.000156712
0.00012497
0.000100779
8.74233e-05
8.07822e-05
7.9586e-05
8.42398e-05
0.000100071
-9.99553e-06
1.88771e-05
0.00120934
0.00491515
0.00849374
0.0168225
0.0277064
0.0406579
0.0641318
0.0911592
0.126181
0.169649
0.211447
0.25938
0.307072
0.355716
0.404097
0.447991
0.489528
0.528612
0.564101
0.59791
0.627968
0.655125
0.678899
0.702686
0.723445
0.74196
0.758725
0.774207
0.78944
0.804003
0.817763
0.828732
0.839656
0.849801
0.859952
0.869378
0.877795
0.885391
0.89272
0.899793
0.90598
0.912853
0.918113
0.923783
0.92833
0.933123
0.937527
0.941086
0.94548
0.948818
0.952108
0.95523
0.957937
0.960309
0.962653
0.965556
0.967269
0.968808
0.00952276
0.00947502
0.00937192
0.00921373
0.00899438
0.00869148
0.00829009
0.00784703
0.00734683
0.00679253
0.00620459
0.00560796
0.00497442
0.00439289
0.00378678
0.00327141
0.0027704
0.00233827
0.0019481
0.00164207
0.00134435
0.00111367
0.000918484
0.000752679
0.00061213
0.000506331
0.000399876
0.000340086
0.000275225
0.000223274
0.000181292
0.000150854
0.000120245
0.000101892
8.17394e-05
6.89456e-05
6.11323e-05
5.3509e-05
4.66703e-05
4.21189e-05
1.0094e-06
-0.000125479
0.00011381
0.00260628
0.00304688
0.00654202
0.0126942
0.0241366
0.0346012
0.0540962
0.0827256
0.111113
0.148678
0.188136
0.233179
0.278722
0.325929
0.371298
0.414071
0.456088
0.494323
0.531546
0.562684
0.595874
0.621748
0.648226
0.67329
0.694976
0.715549
0.734148
0.749906
0.76681
0.781051
0.796392
0.809789
0.821904
0.834169
0.844673
0.854218
0.863988
0.872883
0.881081
0.889311
0.895921
0.90352
0.909498
0.916207
0.92175
0.926992
0.932053
0.936161
0.940576
0.9446
0.948167
0.951641
0.954869
0.957601
0.960339
0.962925
0.964632
0.00881021
0.00876067
0.00865885
0.00850743
0.00826482
0.00798496
0.00762615
0.00722757
0.00674695
0.006208
0.00568066
0.00508718
0.00449606
0.00392171
0.00336382
0.00287457
0.00242486
0.00201503
0.00168241
0.00138985
0.00115277
0.000948759
0.000756364
0.00062864
0.000505303
0.000412477
0.000337381
0.000276679
0.000224051
0.000182217
0.000149717
0.000121847
0.000103425
8.43628e-05
6.91797e-05
5.69097e-05
4.91618e-05
4.20623e-05
3.6424e-05
3.01129e-05
2.25935e-05
-7.36598e-05
-0.000300588
-0.000610836
0.000744681
0.00203455
0.00316281
0.00987906
0.0187697
0.0294021
0.0439946
0.0707532
0.0976888
0.134526
0.170542
0.21268
0.254873
0.299762
0.342828
0.385415
0.42554
0.46427
0.499481
0.533006
0.565437
0.592262
0.620013
0.645229
0.667691
0.688584
0.709803
0.728347
0.744726
0.761665
0.777042
0.790483
0.804386
0.817029
0.82993
0.840581
0.851316
0.860776
0.870222
0.879026
0.887008
0.894524
0.901342
0.908342
0.914506
0.920176
0.925774
0.930928
0.935557
0.939976
0.944462
0.947895
0.951051
0.954571
0.95733
0.959789
0.00815616
0.00810739
0.00801684
0.0078689
0.00764109
0.00738964
0.00703181
0.00662572
0.00620491
0.00572662
0.00518268
0.00462349
0.00410515
0.00353756
0.0030362
0.00258361
0.00213387
0.00177439
0.00147784
0.00120246
0.000982819
0.000775885
0.000636717
0.000514596
0.000418668
0.000342662
0.000275282
0.00022221
0.000184747
0.000149067
0.00012322
0.0001031
8.56572e-05
6.79581e-05
5.76647e-05
4.88299e-05
4.13592e-05
3.55338e-05
3.02512e-05
2.45809e-05
1.78723e-05
-5.99253e-06
-8.37024e-05
-0.000281799
-0.000240744
0.000672018
0.0016438
0.00353847
0.00883453
0.0147487
0.026499
0.0385787
0.0612749
0.0852902
0.11976
0.153482
0.193135
0.234184
0.276232
0.319359
0.359876
0.398184
0.435444
0.472112
0.504814
0.537041
0.566042
0.592529
0.61983
0.64288
0.663982
0.685442
0.706909
0.72347
0.741077
0.75722
0.772873
0.787082
0.80084
0.814104
0.826502
0.838229
0.848125
0.859077
0.867905
0.877123
0.885884
0.893509
0.901048
0.907183
0.913954
0.920344
0.925685
0.930691
0.935608
0.939999
0.943985
0.94769
0.951591
0.95405
0.00754073
0.00748782
0.007406
0.007276
0.0070646
0.00682001
0.00649075
0.00613663
0.00571207
0.00524843
0.00475102
0.00427047
0.00372834
0.00322558
0.00274565
0.00230767
0.00190752
0.00155573
0.00126943
0.00102873
0.000812073
0.000666126
0.000532517
0.00043318
0.000349297
0.000284363
0.000232942
0.00018329
0.000149202
0.00012623
0.000103385
8.48224e-05
7.03549e-05
5.85993e-05
4.97106e-05
4.09027e-05
3.53289e-05
2.96599e-05
2.52951e-05
2.12982e-05
1.68934e-05
1.34162e-05
3.32759e-05
3.72472e-05
-3.60423e-05
-2.05988e-05
0.000359504
0.00158497
0.00302866
0.00690014
0.0115531
0.0232794
0.036187
0.0559911
0.0800378
0.110092
0.140608
0.179414
0.217314
0.256503
0.296843
0.335945
0.37377
0.410753
0.446933
0.479995
0.51205
0.541585
0.56881
0.594982
0.619745
0.642126
0.663503
0.685589
0.704387
0.722934
0.739679
0.756491
0.770887
0.785786
0.799768
0.812717
0.825363
0.836302
0.847851
0.858405
0.867219
0.876665
0.885138
0.893278
0.900443
0.907447
0.914333
0.919764
0.925639
0.930659
0.935874
0.940292
0.944084
0.94769
0.00699553
0.00694134
0.0068843
0.00673534
0.00654975
0.00631189
0.00599702
0.00565663
0.00526893
0.00483625
0.00439553
0.00392528
0.00342212
0.00295733
0.00251728
0.00209408
0.00168822
0.0013795
0.00111816
0.000885035
0.000715824
0.000561009
0.000450144
0.000364641
0.000290685
0.000241563
0.000190319
0.000154898
0.000125577
0.000105671
8.475e-05
7.10704e-05
5.924e-05
4.97031e-05
4.12632e-05
3.49123e-05
2.93795e-05
2.50163e-05
2.08297e-05
1.76635e-05
1.46696e-05
1.19191e-05
1.43284e-05
2.20757e-05
6.36127e-06
5.94375e-06
0.000202561
0.000443206
0.000857447
0.00359559
0.00606991
0.011862
0.0193118
0.0321816
0.0518637
0.0727305
0.101148
0.129139
0.164704
0.20122
0.240392
0.278717
0.317244
0.353412
0.390731
0.424426
0.457791
0.487869
0.519004
0.546646
0.573061
0.598184
0.621669
0.644185
0.666011
0.685445
0.70446
0.722428
0.739808
0.755206
0.771754
0.785052
0.799555
0.812887
0.825256
0.836103
0.847645
0.858588
0.867836
0.877229
0.885
0.893748
0.90078
0.908104
0.914711
0.920513
0.926538
0.932479
0.936431
0.940061
0.00649221
0.0064259
0.00635959
0.0062303
0.00607444
0.00583238
0.00556251
0.0052492
0.00487906
0.00450099
0.00406673
0.00359554
0.00316425
0.00271838
0.0022938
0.00188681
0.00154453
0.0012323
0.000989443
0.000781594
0.000613537
0.000482846
0.000382543
0.000306299
0.000247249
0.000197849
0.000159
0.00013062
0.00010561
8.7167e-05
7.17775e-05
5.99857e-05
5.03063e-05
4.22087e-05
3.53679e-05
2.98589e-05
2.51366e-05
2.09804e-05
1.757e-05
1.44522e-05
1.17918e-05
9.76138e-06
9.84404e-06
8.41992e-06
4.80779e-06
1.87266e-06
5.0416e-05
0.000132799
0.000327019
0.000552965
0.00263023
0.00557543
0.0111169
0.0193654
0.0291601
0.0468714
0.0704099
0.0923383
0.124227
0.153992
0.189596
0.225029
0.263121
0.299828
0.335344
0.370159
0.404839
0.436951
0.468461
0.497514
0.526575
0.55301
0.577518
0.602849
0.625118
0.647146
0.667849
0.687821
0.706561
0.724019
0.740585
0.757499
0.772429
0.787117
0.801559
0.81443
0.826073
0.837211
0.849111
0.859156
0.869126
0.878047
0.887073
0.894748
0.901616
0.908584
0.91475
0.921142
0.927202
0.931411
0.00602137
0.00598014
0.00593631
0.00580946
0.00564158
0.00541799
0.00516216
0.00485884
0.00453656
0.00417068
0.00376008
0.00334944
0.00293727
0.00251085
0.00211832
0.0017469
0.00140312
0.00112051
0.000899576
0.000682983
0.00053692
0.000420368
0.000327825
0.000264981
0.000206829
0.000167303
0.000135412
0.000110089
9.11401e-05
7.27682e-05
6.11687e-05
5.14333e-05
4.2827e-05
3.62819e-05
3.01268e-05
2.54961e-05
2.13093e-05
1.75257e-05
1.43447e-05
1.14644e-05
9.1816e-06
7.47928e-06
6.03239e-06
5.49742e-06
1.73193e-06
-4.94601e-07
1.7579e-05
1.72174e-05
5.78966e-05
0.00025734
0.00101913
0.00249552
0.00471921
0.00912939
0.0168743
0.0268492
0.0429877
0.0631049
0.0857565
0.115418
0.145142
0.178736
0.214231
0.248366
0.2833
0.319129
0.353803
0.386988
0.419196
0.450021
0.479343
0.507598
0.53395
0.55964
0.584263
0.607877
0.630118
0.651718
0.671854
0.691683
0.709415
0.727148
0.743646
0.759793
0.774622
0.789341
0.803576
0.815747
0.828137
0.83986
0.851015
0.86072
0.869986
0.87958
0.88838
0.895499
0.903062
0.910184
0.916473
0.921964
0.00561014
0.00556158
0.00551261
0.00539062
0.00523178
0.0050316
0.00479737
0.00453192
0.00422401
0.00388279
0.00351368
0.00311963
0.00272538
0.00235735
0.00197357
0.00162772
0.001312
0.0010307
0.000817851
0.000626517
0.000485402
0.000370251
0.000287995
0.000224803
0.000178558
0.000142436
0.000114828
9.48276e-05
7.56637e-05
6.36755e-05
5.17864e-05
4.36818e-05
3.67558e-05
3.06537e-05
2.59956e-05
2.18504e-05
1.76225e-05
1.45615e-05
1.14288e-05
8.96378e-06
6.84959e-06
5.37437e-06
4.19723e-06
3.26422e-06
1.81138e-06
2.43901e-06
3.843e-06
9.45951e-06
2.1937e-05
7.71283e-05
0.000307201
0.00103978
0.00226384
0.00510744
0.00872133
0.0134955
0.0278821
0.0425592
0.0610176
0.0835416
0.108243
0.138702
0.171732
0.205027
0.236523
0.270253
0.305053
0.33808
0.370699
0.40192
0.432972
0.462379
0.490505
0.516516
0.542927
0.56737
0.591754
0.61431
0.636186
0.6566
0.677214
0.695986
0.713245
0.731106
0.747456
0.763382
0.778321
0.79293
0.805897
0.819116
0.830969
0.842809
0.853219
0.863076
0.872799
0.88129
0.889655
0.897901
0.905118
0.910899
0.00522587
0.00518296
0.00513012
0.0050226
0.00487603
0.00470632
0.00448343
0.00420815
0.00393803
0.0036304
0.00328232
0.00293961
0.00256575
0.00220902
0.00185467
0.00152854
0.00123146
0.000972023
0.000751071
0.000579227
0.000435466
0.000332157
0.000250775
0.000200243
0.000153418
0.00012175
0.000100812
8.08236e-05
6.60366e-05
5.4103e-05
4.48063e-05
3.75317e-05
3.15119e-05
2.6407e-05
2.20074e-05
1.8044e-05
1.45979e-05
1.15919e-05
8.65193e-06
6.32307e-06
4.48647e-06
3.28123e-06
2.7171e-06
1.99618e-06
1.18241e-06
5.83614e-07
2.15706e-07
5.16262e-06
1.00235e-05
1.27657e-05
0.000118213
0.000307593
0.000947097
0.00219613
0.0040855
0.00896805
0.013965
0.0263062
0.0377294
0.0581182
0.0819772
0.104199
0.131678
0.162075
0.196852
0.2272
0.259413
0.292868
0.324848
0.356647
0.386947
0.417693
0.446431
0.474646
0.501639
0.526681
0.552343
0.5754
0.599261
0.621502
0.642752
0.663267
0.682748
0.700652
0.719353
0.735615
0.752268
0.767376
0.782681
0.796123
0.809712
0.822148
0.834729
0.845009
0.855989
0.866354
0.875757
0.884579
0.891672
0.898828
0.00487032
0.00483811
0.0047768
0.00468822
0.00455519
0.00438915
0.00419482
0.00394785
0.00369322
0.00338881
0.00309045
0.00275562
0.00244015
0.00208919
0.00177752
0.0014558
0.00118201
0.000924283
0.000711896
0.000537968
0.000404689
0.000303198
0.000227932
0.000176481
0.000132475
0.000106497
8.58933e-05
6.77787e-05
5.65432e-05
4.70721e-05
3.85386e-05
3.24004e-05
2.70448e-05
2.24709e-05
1.86001e-05
1.48818e-05
1.17273e-05
8.76072e-06
6.08576e-06
3.74102e-06
2.21591e-06
1.98615e-06
1.55631e-06
1.42706e-06
1.05288e-06
7.91818e-07
7.82475e-07
9.73826e-07
3.99137e-06
5.83907e-06
-1.08815e-05
0.000152143
0.000242697
0.000819696
0.00171658
0.00512328
0.00856015
0.0161969
0.0264556
0.0370866
0.0565399
0.0757541
0.101855
0.126983
0.156415
0.18595
0.218401
0.249557
0.281319
0.312964
0.343549
0.373893
0.403477
0.432382
0.45967
0.486614
0.51253
0.537275
0.561519
0.584749
0.607701
0.629436
0.649845
0.669812
0.688785
0.707778
0.724786
0.741682
0.757233
0.772483
0.786844
0.800759
0.813622
0.826503
0.837423
0.848616
0.858341
0.869492
0.877905
0.885687
0.00456576
0.00453255
0.00448246
0.00439142
0.00425902
0.00411183
0.00391942
0.00370793
0.00346827
0.00319707
0.00290968
0.0026141
0.00230846
0.0019915
0.00169194
0.00139051
0.00113161
0.000886095
0.000681098
0.000514516
0.000383825
0.000283831
0.000208993
0.000157004
0.000119921
9.31362e-05
7.4789e-05
5.97225e-05
5.00119e-05
4.00173e-05
3.36086e-05
2.77115e-05
2.31721e-05
1.92318e-05
1.55733e-05
1.23725e-05
9.24581e-06
6.33675e-06
3.00086e-06
7.75638e-07
2.81129e-07
8.55506e-07
8.916e-07
8.41097e-07
7.77295e-07
5.88159e-07
4.31151e-07
6.91156e-07
1.72135e-06
-9.05586e-06
-3.226e-05
1.21482e-06
9.8844e-05
0.000294929
0.000647748
0.00113853
0.00496643
0.00786847
0.0151818
0.0245513
0.0370575
0.0551389
0.0721263
0.0972115
0.122121
0.152287
0.17989
0.210776
0.240486
0.271043
0.302059
0.331821
0.361919
0.390661
0.418974
0.446369
0.472491
0.499167
0.523882
0.548481
0.57177
0.59462
0.616663
0.637778
0.65725
0.677072
0.695727
0.713424
0.731288
0.746733
0.762774
0.777756
0.792128
0.805263
0.818284
0.830062
0.841206
0.852653
0.862894
0.870983
0.00428081
0.00424695
0.00419667
0.00413448
0.0040076
0.00385543
0.00369391
0.00348245
0.0032559
0.00301586
0.00275568
0.00248515
0.00219281
0.00191402
0.00161677
0.00135396
0.00110355
0.000868797
0.000667286
0.000499155
0.000375664
0.00026791
0.000199233
0.000146092
0.000109165
8.29423e-05
6.75782e-05
5.17747e-05
4.21791e-05
3.48238e-05
2.92172e-05
2.39016e-05
1.97454e-05
1.61303e-05
1.27564e-05
9.86443e-06
7.02884e-06
4.56939e-06
1.89147e-06
0
0
3.14867e-07
5.08584e-07
5.3489e-07
5.56912e-07
4.75327e-07
3.18823e-07
6.95964e-07
2.28271e-06
-1.67793e-06
-1.72412e-05
6.83057e-06
3.979e-05
0.000106015
0.000255142
0.000600264
0.0015864
0.00460188
0.00733713
0.0156719
0.0241086
0.0367515
0.0541189
0.0708026
0.0930395
0.119029
0.146678
0.17315
0.202847
0.231951
0.261698
0.291717
0.321102
0.349824
0.378393
0.406675
0.433665
0.460622
0.486349
0.511364
0.535355
0.559097
0.582385
0.604575
0.625761
0.646047
0.666097
0.684992
0.703125
0.720918
0.737554
0.754028
0.768726
0.7833
0.797539
0.80964
0.823211
0.83524
0.845208
0.85524
0.00402112
0.00399617
0.00395362
0.00388438
0.00377546
0.00363902
0.00347376
0.00329674
0.00308403
0.00287337
0.00261648
0.00236577
0.0020984
0.00183868
0.00157819
0.0013196
0.00107329
0.000861515
0.000661757
0.000503866
0.000370316
0.000265031
0.000193039
0.000139816
0.000101327
7.75904e-05
5.84911e-05
4.53521e-05
3.76466e-05
3.03702e-05
2.5127e-05
2.05061e-05
1.68505e-05
1.35515e-05
1.04412e-05
7.94641e-06
5.74907e-06
3.39767e-06
1.1871e-06
1.62185e-07
9.8579e-08
2.48978e-07
3.79178e-07
4.21138e-07
4.44485e-07
3.88308e-07
1.92906e-07
4.87043e-07
1.88692e-06
2.04426e-06
-5.82237e-06
-3.78279e-06
-2.24437e-06
5.01151e-05
0.000103407
0.000267366
0.000689697
0.0023039
0.00475515
0.00877375
0.0149084
0.0230106
0.0363361
0.0519919
0.0690961
0.0921045
0.114675
0.141015
0.168293
0.195278
0.224584
0.253117
0.282447
0.311365
0.339893
0.367644
0.395219
0.422037
0.448348
0.47403
0.499378
0.523583
0.547293
0.570653
0.592697
0.614549
0.634967
0.655124
0.674562
0.693006
0.710891
0.727506
0.744652
0.760249
0.775622
0.789187
0.802676
0.81626
0.827765
0.83804
0.00378974
0.00376794
0.00372797
0.00365729
0.00356143
0.00343134
0.00328092
0.00311344
0.00292211
0.00271598
0.00249597
0.0022665
0.00202375
0.00178439
0.00152615
0.001295
0.00106579
0.000856411
0.00066466
0.000509317
0.000376181
0.000269738
0.000193503
0.000139234
9.70524e-05
7.05584e-05
5.31956e-05
4.08767e-05
3.30138e-05
2.63607e-05
2.15834e-05
1.77344e-05
1.41547e-05
1.1318e-05
8.66162e-06
6.35982e-06
4.30421e-06
2.6745e-06
1.48047e-06
4.75736e-07
2.57293e-07
3.67145e-07
3.61882e-07
4.00346e-07
4.0351e-07
3.64813e-07
2.366e-07
1.86301e-07
5.21436e-07
5.9046e-08
-5.58734e-07
-9.66968e-07
-4.65224e-06
-5.80263e-06
4.10985e-05
0.000137493
0.000217858
0.000255129
0.00222784
0.00466683
0.00850581
0.0156813
0.0248828
0.0366942
0.0514996
0.0681008
0.0895928
0.112285
0.136261
0.163107
0.189614
0.217701
0.245413
0.273217
0.301679
0.329541
0.357239
0.384258
0.411111
0.437332
0.462784
0.488045
0.512053
0.535925
0.559424
0.581611
0.603317
0.624499
0.644413
0.664213
0.68371
0.701049
0.718636
0.735145
0.751178
0.76646
0.78085
0.79528
0.809299
0.819783
0.00357344
0.00354781
0.00351388
0.00346051
0.00335812
0.00325346
0.00310894
0.00296206
0.00277933
0.00259441
0.00239214
0.00217043
0.00195181
0.00172244
0.00149588
0.00127098
0.00105813
0.00086112
0.000678203
0.000519774
0.000389989
0.000278239
0.000205986
0.000137368
9.7075e-05
6.79002e-05
5.05346e-05
3.67889e-05
2.92104e-05
2.34456e-05
1.87369e-05
1.50505e-05
1.22116e-05
9.38699e-06
7.23323e-06
5.06927e-06
3.58368e-06
2.18574e-06
1.10253e-06
5.82892e-07
4.16007e-07
4.03785e-07
3.79768e-07
3.78283e-07
3.80892e-07
3.39607e-07
2.8552e-07
3.64565e-07
4.62924e-07
4.45133e-07
8.98972e-08
-1.71564e-07
-1.73922e-06
-5.29014e-06
-3.78661e-06
2.65754e-05
8.21715e-05
0.000199767
0.00095997
0.00237166
0.00501928
0.00944729
0.0147103
0.0248737
0.0359527
0.0515657
0.0677978
0.0872521
0.110194
0.132903
0.159541
0.184894
0.211142
0.23927
0.266142
0.293448
0.320618
0.347645
0.374721
0.400759
0.42684
0.452065
0.477163
0.501509
0.525411
0.548384
0.571043
0.593148
0.614334
0.634528
0.654669
0.673131
0.692113
0.709558
0.726842
0.743415
0.757847
0.773601
0.787569
0.800556
0.00338042
0.0033587
0.00332607
0.00326372
0.00317275
0.00308054
0.00294785
0.00281114
0.00264559
0.00247992
0.00229364
0.00209392
0.00189819
0.00167312
0.00146813
0.00126109
0.00105928
0.000869501
0.000693832
0.000537383
0.000411326
0.000299252
0.000212751
0.000148851
9.91194e-05
6.96103e-05
4.86246e-05
3.48677e-05
2.58955e-05
2.07602e-05
1.6247e-05
1.30437e-05
1.01866e-05
7.80853e-06
5.86416e-06
4.11002e-06
2.76412e-06
1.81274e-06
1.03897e-06
6.08504e-07
4.92293e-07
4.06262e-07
3.91244e-07
3.81282e-07
3.77168e-07
3.46836e-07
3.06884e-07
3.26551e-07
3.57169e-07
3.9831e-07
3.74164e-07
4.99204e-07
1.15217e-06
-2.53822e-07
-3.68474e-07
9.85709e-07
-4.6743e-06
0.000144405
0.000484696
0.00131897
0.00251852
0.00477602
0.00917477
0.0149611
0.0241937
0.0360039
0.0501328
0.0671864
0.0851926
0.105862
0.129723
0.15407
0.179832
0.205268
0.23197
0.258615
0.285037
0.311974
0.338422
0.364593
0.390766
0.416571
0.441988
0.466795
0.491176
0.514964
0.538348
0.560789
0.583015
0.60413
0.62541
0.645108
0.664892
0.681955
0.70085
0.718746
0.733837
0.750732
0.765802
0.779496
0.00320865
0.00318614
0.00315749
0.00310192
0.00302502
0.00292711
0.00280984
0.00268419
0.00252845
0.00238016
0.0022035
0.0020214
0.00182777
0.00163342
0.00143857
0.00124629
0.00105793
0.000880322
0.000711725
0.000562686
0.000432866
0.000320812
0.000229085
0.000164873
0.00010446
7.3555e-05
5.17435e-05
3.44206e-05
2.48049e-05
1.89189e-05
1.42101e-05
1.11943e-05
8.6017e-06
6.61233e-06
4.75403e-06
3.45043e-06
2.24078e-06
1.49401e-06
9.00744e-07
6.07483e-07
5.03208e-07
4.30699e-07
3.92827e-07
3.83138e-07
3.75453e-07
3.65585e-07
3.42745e-07
3.53425e-07
3.52666e-07
3.69244e-07
3.78987e-07
4.11504e-07
7.0095e-07
1.26767e-07
1.16153e-07
1.86682e-06
-4.75923e-06
-1.52426e-06
0.000238221
0.000416298
0.00162672
0.00264483
0.00558536
0.00955287
0.0162045
0.0246358
0.0356423
0.0493565
0.0651645
0.0844878
0.103463
0.126569
0.149665
0.174256
0.199287
0.225197
0.251396
0.277025
0.30336
0.329505
0.355681
0.38173
0.407075
0.432235
0.456857
0.481282
0.505077
0.528507
0.550938
0.573225
0.594597
0.615484
0.636253
0.654858
0.674205
0.693105
0.709385
0.727162
0.742627
0.756709
0.00304888
0.00302768
0.00300196
0.00295266
0.00288083
0.00279328
0.0026873
0.00256449
0.0024286
0.00227907
0.00212595
0.00195693
0.00178045
0.00160637
0.00141758
0.0012358
0.00106071
0.000891837
0.000733127
0.000586496
0.000456706
0.000344417
0.000251539
0.000181945
0.000121076
8.23088e-05
5.48127e-05
3.47689e-05
2.48741e-05
1.79311e-05
1.27768e-05
9.76758e-06
7.37034e-06
5.57215e-06
3.9984e-06
2.77685e-06
1.87907e-06
1.32451e-06
8.34824e-07
5.89034e-07
4.86158e-07
4.41148e-07
4.00645e-07
3.84494e-07
3.76794e-07
3.69556e-07
3.60615e-07
3.56525e-07
3.56123e-07
3.60873e-07
3.71029e-07
3.89916e-07
5.00005e-07
5.68361e-07
6.058e-07
6.29092e-07
6.69729e-07
1.48166e-05
4.36163e-05
0.000226933
0.000652472
0.00160697
0.00311156
0.00525968
0.0104056
0.0161779
0.0265812
0.0357528
0.0493032
0.0637232
0.0827008
0.101544
0.123333
0.146813
0.170058
0.194997
0.219042
0.244831
0.270164
0.296164
0.321547
0.347114
0.372616
0.398187
0.422992
0.447645
0.471851
0.495536
0.518901
0.54202
0.563638
0.585644
0.606809
0.626605
0.64719
0.666484
0.683202
0.702669
0.719386
0.733482
0.00290846
0.00289063
0.00286501
0.00281329
0.00275023
0.00267124
0.00257542
0.00246454
0.00233264
0.00219484
0.00205002
0.00189596
0.00173833
0.00156778
0.00140251
0.00123199
0.00106683
0.000905469
0.000753824
0.000612253
0.00048582
0.000374914
0.000277393
0.000200987
0.000140087
9.26076e-05
6.3491e-05
4.00628e-05
2.61926e-05
1.73645e-05
1.22666e-05
8.51961e-06
6.39052e-06
4.62402e-06
3.3841e-06
2.36421e-06
1.62626e-06
1.07064e-06
7.7819e-07
5.65058e-07
4.78113e-07
4.34705e-07
4.04833e-07
3.87519e-07
3.78167e-07
3.71063e-07
3.65391e-07
3.61957e-07
3.60817e-07
3.60517e-07
3.6674e-07
3.73996e-07
3.87958e-07
4.40937e-07
4.80465e-07
4.50945e-07
2.90524e-07
7.852e-06
1.42541e-05
6.51347e-05
0.000243674
0.000768173
0.00206481
0.00359873
0.00564164
0.0100255
0.0165546
0.0254415
0.0355112
0.0494567
0.0633021
0.0820645
0.100554
0.120254
0.143287
0.165404
0.189964
0.213785
0.239016
0.263425
0.288703
0.314227
0.339264
0.364472
0.389249
0.413943
0.438615
0.462609
0.48633
0.509871
0.532218
0.554723
0.576847
0.597376
0.617965
0.637822
0.657376
0.676437
0.694298
0.710786
0.00278114
0.00276322
0.00273706
0.00269194
0.00263999
0.00256104
0.00246658
0.00236303
0.0022504
0.00212562
0.00198609
0.00184861
0.00169234
0.00154342
0.00138451
0.0012243
0.00106989
0.000920684
0.000774002
0.000638635
0.000515088
0.000405661
0.000304134
0.000226104
0.000163487
0.000110555
7.18386e-05
4.7079e-05
2.9375e-05
1.96622e-05
1.26154e-05
8.07859e-06
5.63081e-06
4.03937e-06
2.93668e-06
1.96313e-06
1.38415e-06
9.65856e-07
7.26795e-07
5.37104e-07
4.7134e-07
4.25451e-07
4.01245e-07
3.87284e-07
3.78504e-07
3.7264e-07
3.68444e-07
3.65554e-07
3.63317e-07
3.63214e-07
3.65166e-07
3.68846e-07
3.74392e-07
3.7728e-07
4.20788e-07
4.73718e-07
4.36577e-08
5.88979e-07
8.38207e-06
-1.80741e-05
-4.19394e-05
0.000223818
0.000731981
0.00181672
0.00359019
0.00629549
0.0112645
0.0169263
0.0259597
0.0358881
0.0491803
0.062383
0.0799942
0.0988223
0.118112
0.13864
0.161703
0.184419
0.207987
0.232411
0.256675
0.281334
0.306517
0.331519
0.356337
0.381181
0.405769
0.429928
0.454023
0.477665
0.501116
0.523562
0.546261
0.567776
0.588638
0.609442
0.629362
0.649742
0.667581
0.685522
0.00266252
0.00264481
0.00262865
0.00258271
0.00253166
0.0024606
0.00237399
0.00228199
0.00217094
0.0020564
0.00192791
0.00180098
0.00165509
0.00151607
0.00137019
0.00122027
0.00107644
0.000933469
0.000796036
0.000665149
0.000545084
0.000438199
0.00033769
0.000253978
0.00018673
0.000129156
8.80236e-05
5.79774e-05
3.58262e-05
2.1614e-05
1.33861e-05
8.35382e-06
5.67595e-06
3.67596e-06
2.52207e-06
1.74105e-06
1.15638e-06
8.82102e-07
6.32838e-07
5.15559e-07
4.56575e-07
4.22044e-07
3.98415e-07
3.86413e-07
3.79131e-07
3.73073e-07
3.69833e-07
3.6708e-07
3.65375e-07
3.65334e-07
3.65282e-07
3.66689e-07
3.69824e-07
3.69307e-07
4.03549e-07
4.52894e-07
4.30129e-07
5.13282e-07
6.26093e-06
-8.44146e-06
-1.47338e-05
8.86595e-05
0.000236857
0.00111982
0.00187111
0.00411281
0.00632463
0.0109553
0.0175432
0.0253074
0.0360715
0.0481312
0.0625737
0.0776222
0.096849
0.116491
0.135644
0.157315
0.17955
0.202684
0.226453
0.250622
0.275049
0.299014
0.323617
0.348455
0.373046
0.39756
0.421665
0.445606
0.469309
0.49245
0.515352
0.537386
0.559762
0.581023
0.601229
0.622344
0.640949
0.658893
0.00255888
0.0025391
0.00252501
0.00248413
0.0024308
0.00236994
0.0022923
0.00220071
0.0020986
0.00199693
0.00187677
0.00175236
0.00162087
0.00149402
0.00135158
0.00121702
0.00108166
0.000945585
0.000817879
0.000692631
0.00057604
0.0004698
0.000371518
0.000284545
0.000214995
0.000152214
0.000107717
7.08351e-05
4.40907e-05
2.95702e-05
1.59508e-05
1.00837e-05
5.85984e-06
3.67164e-06
2.3877e-06
1.61539e-06
1.099e-06
7.88441e-07
6.08329e-07
4.95667e-07
4.46123e-07
4.14844e-07
3.94998e-07
3.85981e-07
3.78076e-07
3.73137e-07
3.70129e-07
3.67816e-07
3.66538e-07
3.66082e-07
3.65813e-07
3.65883e-07
3.66062e-07
3.68583e-07
3.74083e-07
3.68069e-07
4.62709e-07
8.8238e-07
2.34314e-06
4.55234e-06
-1.36028e-06
1.0275e-05
0.00012882
0.000482701
0.00119886
0.00246097
0.00438809
0.00753277
0.0113667
0.0183136
0.0253513
0.0354437
0.0474067
0.0614207
0.0762243
0.0934981
0.112999
0.132694
0.153541
0.175298
0.197997
0.221026
0.244222
0.268625
0.292494
0.31687
0.341237
0.365309
0.38952
0.413571
0.437404
0.460977
0.484306
0.507087
0.529994
0.551481
0.570957
0.594185
0.614339
0.632107
0.00246314
0.00244869
0.00243002
0.00239682
0.00234573
0.00228742
0.00221129
0.00213394
0.00203922
0.00193803
0.00182836
0.00171284
0.00159336
0.00146977
0.00134476
0.00121526
0.00108688
0.000960612
0.000836724
0.000719887
0.000607674
0.00049979
0.000405455
0.000317585
0.000242111
0.000179194
0.000126427
9.07153e-05
5.62858e-05
3.6902e-05
2.08709e-05
1.28412e-05
6.30547e-06
4.01413e-06
2.47538e-06
1.51051e-06
1.03947e-06
7.62114e-07
5.95567e-07
4.79837e-07
4.36117e-07
4.08092e-07
3.93613e-07
3.84383e-07
3.76957e-07
3.73175e-07
3.70466e-07
3.6824e-07
3.67346e-07
3.66588e-07
3.66302e-07
3.6642e-07
3.66682e-07
3.69283e-07
3.72813e-07
3.61448e-07
3.79765e-07
5.29805e-07
9.71242e-07
2.29752e-06
-4.07538e-07
-8.93555e-06
8.21421e-05
0.000191245
0.000530441
0.000922922
0.00253055
0.00411726
0.00781753
0.0114814
0.0178983
0.026725
0.0351683
0.0467034
0.060249
0.0761717
0.0924073
0.109693
0.128572
0.149625
0.170717
0.193069
0.215494
0.239037
0.262587
0.286092
0.309891
0.333879
0.357916
0.382152
0.406026
0.429646
0.453202
0.476311
0.498596
0.522555
0.542599
0.56529
0.587006
0.605121
0.00237374
0.00236438
0.00234484
0.00230974
0.00226601
0.0022107
0.0021437
0.00206613
0.00198299
0.00188353
0.00178962
0.00168222
0.00156603
0.00144908
0.00133367
0.00121381
0.00109358
0.000974565
0.000855401
0.000744307
0.000633457
0.000530961
0.000436794
0.000350248
0.000274742
0.000206905
0.000152282
0.000107255
7.35363e-05
4.61983e-05
3.02931e-05
1.72662e-05
1.02562e-05
5.10415e-06
2.79989e-06
1.57805e-06
9.9999e-07
7.17093e-07
5.68239e-07
4.76117e-07
4.28265e-07
4.04872e-07
3.91928e-07
3.81806e-07
3.76845e-07
3.72514e-07
3.70331e-07
3.68561e-07
3.67699e-07
3.66971e-07
3.66723e-07
3.66704e-07
3.67055e-07
3.67845e-07
3.68719e-07
3.68294e-07
3.86769e-07
4.44008e-07
5.33559e-07
9.95748e-07
-2.52437e-07
-6.01413e-06
1.58789e-05
0.000102544
0.00023168
0.000596923
0.00128383
0.0027746
0.00469117
0.00759425
0.0121037
0.017907
0.0254793
0.0354032
0.0457195
0.0603408
0.0750587
0.0902001
0.108029
0.125395
0.146584
0.166399
0.1882
0.210031
0.233096
0.256346
0.279359
0.303122
0.327334
0.351141
0.374867
0.398581
0.422325
0.445451
0.467641
0.491616
0.51424
0.535738
0.556847
0.577953
0.00229607
0.00228428
0.00226643
0.00223917
0.0021948
0.00214306
0.00208195
0.00200596
0.00193009
0.00184042
0.00174917
0.00164669
0.00154504
0.00143438
0.00132329
0.00121117
0.00109798
0.000985043
0.000874908
0.000765748
0.00066191
0.000561999
0.000470682
0.000384512
0.000308287
0.000237557
0.000178458
0.000133019
9.14123e-05
6.2289e-05
3.94015e-05
2.40984e-05
1.41427e-05
7.06553e-06
4.26787e-06
2.4948e-06
1.0565e-06
7.88963e-07
5.7564e-07
4.69945e-07
4.18054e-07
4.00474e-07
3.88187e-07
3.80438e-07
3.75715e-07
3.72218e-07
3.70454e-07
3.68714e-07
3.67876e-07
3.67298e-07
3.66965e-07
3.66915e-07
3.67152e-07
3.67555e-07
3.67817e-07
3.69351e-07
3.79431e-07
4.05468e-07
4.66599e-07
8.36427e-07
1.14525e-06
2.07827e-06
4.10701e-06
4.22056e-05
6.48719e-05
0.000320078
0.000631463
0.00145146
0.00279592
0.00512405
0.00784971
0.012028
0.0188841
0.0254547
0.0351498
0.0459013
0.0578652
0.0734901
0.0884392
0.105648
0.122784
0.142554
0.162151
0.183704
0.205673
0.227511
0.250953
0.273659
0.297259
0.320341
0.343852
0.367521
0.391171
0.415406
0.438395
0.461221
0.483983
0.505718
0.527958
0.549052
0.00222366
0.0022148
0.00219829
0.0021681
0.00213048
0.00207934
0.00202525
0.00195712
0.00188366
0.00180537
0.00171385
0.00162177
0.00152416
0.00141908
0.00131851
0.00121112
0.00110444
0.000994274
0.000891129
0.000786218
0.000689245
0.000591056
0.000501299
0.000417595
0.0003394
0.000269352
0.000208069
0.000155489
0.000111918
8.17688e-05
5.35679e-05
3.28574e-05
2.00131e-05
1.15304e-05
5.8482e-06
3.44547e-06
1.76071e-06
9.2741e-07
6.01892e-07
5.05706e-07
4.15143e-07
3.9925e-07
3.85425e-07
3.79609e-07
3.74993e-07
3.72059e-07
3.70177e-07
3.68824e-07
3.68015e-07
3.67473e-07
3.67169e-07
3.6713e-07
3.67242e-07
3.67556e-07
3.67714e-07
3.68405e-07
3.75091e-07
3.84059e-07
4.27968e-07
4.93936e-07
9.71159e-07
1.34379e-06
3.81655e-06
1.27002e-05
4.1848e-05
8.60644e-05
0.000417689
0.000887051
0.00163618
0.00291573
0.0051707
0.00815028
0.0125723
0.0187943
0.0249358
0.0350893
0.0457494
0.057886
0.07142
0.0868077
0.103617
0.120129
0.13962
0.158849
0.178957
0.200427
0.222641
0.244999
0.268156
0.290935
0.313915
0.337436
0.360878
0.383921
0.407406
0.430949
0.453493
0.476606
0.498809
0.519786
0.00215719
0.00214916
0.00213341
0.00211007
0.00207273
0.00202772
0.00197003
0.00190903
0.00183755
0.00176145
0.00168266
0.00159496
0.00150131
0.00140565
0.00130785
0.00120863
0.00110635
0.00100731
0.000906032
0.000809057
0.000711587
0.000618932
0.000532538
0.000449688
0.000371351
0.000302778
0.000238418
0.000183933
0.000136464
0.000100154
6.98786e-05
4.68579e-05
2.65964e-05
1.69804e-05
9.65629e-06
5.60599e-06
2.59313e-06
1.48556e-06
8.0251e-07
5.51235e-07
4.52383e-07
4.0734e-07
3.85196e-07
3.79426e-07
3.74717e-07
3.71892e-07
3.69976e-07
3.68789e-07
3.68028e-07
3.67573e-07
3.67315e-07
3.6723e-07
3.67278e-07
3.67501e-07
3.67848e-07
3.68506e-07
3.72133e-07
3.80274e-07
3.95341e-07
4.43878e-07
4.59641e-07
7.80264e-07
1.01257e-06
1.73274e-06
1.56645e-05
5.5419e-05
0.00016873
0.000435793
0.000892167
0.00198786
0.00303276
0.00571894
0.00831009
0.0128892
0.0188593
0.0248051
0.0343669
0.0446602
0.0565454
0.0696059
0.0848541
0.100903
0.117555
0.135634
0.15505
0.175984
0.196355
0.217396
0.239334
0.262586
0.2851
0.308395
0.331375
0.354262
0.378086
0.401346
0.424171
0.447665
0.469375
0.490108
0.00210072
0.00209193
0.00207831
0.00205188
0.00201711
0.001977
0.00192617
0.00186781
0.00180459
0.00172929
0.00165374
0.00157223
0.0014826
0.00139442
0.00130329
0.00120622
0.00111059
0.00101663
0.000921977
0.000826146
0.000736047
0.000645874
0.000560793
0.000478977
0.000402337
0.000334072
0.000268916
0.00021152
0.000163515
0.000120916
8.69517e-05
6.19774e-05
3.94143e-05
2.42555e-05
1.38353e-05
8.50302e-06
4.5044e-06
2.46243e-06
1.10408e-06
7.16743e-07
5.123e-07
4.1297e-07
3.85438e-07
3.74243e-07
3.73911e-07
3.71201e-07
3.69692e-07
3.68789e-07
3.68113e-07
3.67653e-07
3.6743e-07
3.67348e-07
3.67369e-07
3.67517e-07
3.67745e-07
3.6827e-07
3.69503e-07
3.7709e-07
3.87246e-07
4.04036e-07
4.48363e-07
3.10106e-07
-5.28714e-07
3.15958e-06
1.19914e-05
2.56383e-05
6.92289e-05
0.000224574
0.000525944
0.00124395
0.00194992
0.00325493
0.00587455
0.00867122
0.0130484
0.0185851
0.0254644
0.0337925
0.0439205
0.0559277
0.0680056
0.0822614
0.0988875
0.114963
0.133242
0.150845
0.170529
0.191921
0.212757
0.234698
0.256268
0.279237
0.301951
0.324983
0.348758
0.371304
0.393947
0.417794
0.440829
0.462081
0.00204763
0.00203887
0.00202737
0.00200466
0.00197008
0.00192981
0.00188168
0.00182662
0.00176473
0.00170096
0.00162915
0.00155
0.00146807
0.00138522
0.00129633
0.00120854
0.00111812
0.0010256
0.000933834
0.000845327
0.000757093
0.000670852
0.000588654
0.00050937
0.000433521
0.000364967
0.000299647
0.000241134
0.000189861
0.000146259
0.000107392
7.79435e-05
5.36472e-05
3.4286e-05
2.18501e-05
1.19921e-05
7.01939e-06
4.13892e-06
1.9272e-06
1.14283e-06
5.75808e-07
4.57009e-07
3.74597e-07
3.63119e-07
3.63607e-07
3.70577e-07
3.69637e-07
3.6871e-07
3.68139e-07
3.67721e-07
3.67496e-07
3.67422e-07
3.6744e-07
3.67552e-07
3.67771e-07
3.68089e-07
3.68957e-07
3.73022e-07
3.78268e-07
3.8627e-07
5.0497e-07
3.91693e-07
-3.00513e-07
-7.0901e-08
6.86201e-06
1.24628e-05
4.5074e-05
8.60071e-05
0.000231042
0.000421749
0.0012182
0.00197609
0.00348599
0.00637263
0.00905836
0.0130551
0.0179155
0.0257116
0.033781
0.0426977
0.054141
0.0665508
0.0803018
0.0959564
0.112068
0.129496
0.148234
0.167745
0.187281
0.208514
0.229994
0.252018
0.274233
0.296144
0.319337
0.341625
0.364098
0.388109
0.411238
0.433506
0.00199877
0.00199231
0.00197857
0.00195862
0.0019267
0.00188865
0.00184509
0.00179521
0.00173399
0.00167276
0.00160519
0.00153013
0.00145394
0.00137497
0.0012908
0.00120775
0.00112045
0.00103346
0.000947856
0.000861746
0.000778246
0.000694823
0.00061454
0.000537761
0.000464387
0.000395001
0.000329473
0.000271369
0.000218629
0.000170166
0.000130032
9.64578e-05
6.88094e-05
4.79927e-05
3.06297e-05
1.87115e-05
1.12801e-05
5.9297e-06
3.44418e-06
1.82703e-06
1.07195e-06
6.6847e-07
3.53001e-07
3.77264e-07
3.58186e-07
3.68505e-07
3.69646e-07
3.68604e-07
3.68169e-07
3.67792e-07
3.67561e-07
3.67483e-07
3.67494e-07
3.67567e-07
3.67736e-07
3.68042e-07
3.68578e-07
3.70842e-07
3.75167e-07
3.81682e-07
4.54927e-07
5.3909e-07
-4.78887e-08
-5.74571e-07
9.81786e-07
6.51173e-06
1.90916e-05
4.32841e-05
0.000114272
0.000250935
0.000527082
0.00126514
0.00197632
0.00354256
0.00611566
0.00902622
0.013001
0.0178016
0.0261673
0.033119
0.0426716
0.0532902
0.0661459
0.0787069
0.0942074
0.109585
0.127071
0.145527
0.163655
0.182599
0.204087
0.225218
0.246534
0.268436
0.290855
0.313236
0.336227
0.359172
0.381756
0.403783
0.00195712
0.00195046
0.00193796
0.00191935
0.00188814
0.0018559
0.00181245
0.00176303
0.00170777
0.00164755
0.0015838
0.00151627
0.00144064
0.00136592
0.00128878
0.00120599
0.00112572
0.00104192
0.000959327
0.000877304
0.000797064
0.000716068
0.000638111
0.000563268
0.000491168
0.00042332
0.000359432
0.00030027
0.000245556
0.000198119
0.000153699
0.000117356
8.77262e-05
6.10986e-05
4.21738e-05
2.62021e-05
1.66853e-05
9.79882e-06
5.40072e-06
3.22633e-06
1.51817e-06
1.04312e-06
5.53754e-07
4.77743e-07
3.82601e-07
3.76166e-07
3.70191e-07
3.68938e-07
3.68265e-07
3.67842e-07
3.67635e-07
3.67559e-07
3.67534e-07
3.67598e-07
3.67756e-07
3.67981e-07
3.68718e-07
3.69756e-07
3.76839e-07
3.84558e-07
4.20411e-07
4.14892e-07
2.34467e-07
4.58659e-08
-3.95802e-07
1.26728e-06
1.2254e-05
2.33342e-05
7.51596e-05
0.000102186
0.000311775
0.000617045
0.00121551
0.00200527
0.00393409
0.00648471
0.00920693
0.0120506
0.0182176
0.0249548
0.0324698
0.0413567
0.0518126
0.0626744
0.0768192
0.0920583
0.106849
0.123153
0.14137
0.160232
0.178593
0.199597
0.220251
0.241285
0.263858
0.285927
0.307204
0.330134
0.353314
0.375149
0.00191867
0.00191233
0.00190083
0.00188288
0.00185265
0.00182164
0.0017813
0.0017359
0.00168128
0.00162801
0.0015654
0.00149961
0.00143166
0.00135852
0.00128338
0.00120659
0.00112917
0.00104989
0.000970086
0.000892274
0.000814035
0.000737319
0.000661951
0.000589214
0.000518562
0.00045065
0.000387701
0.000328422
0.000273082
0.000224569
0.000177811
0.000139939
0.000106038
7.89631e-05
5.45913e-05
3.81225e-05
2.47152e-05
1.44859e-05
8.70975e-06
5.41224e-06
3.21014e-06
1.33454e-06
8.55377e-07
5.45842e-07
4.39651e-07
3.77645e-07
3.71745e-07
3.69043e-07
3.68183e-07
3.67705e-07
3.67671e-07
3.67601e-07
3.67581e-07
3.67643e-07
3.67793e-07
3.68117e-07
3.68736e-07
3.70082e-07
3.74347e-07
3.81923e-07
3.90533e-07
3.97476e-07
3.91379e-07
3.23131e-07
-4.30109e-07
5.2837e-08
5.90341e-06
1.19801e-05
3.6682e-05
4.98821e-05
0.00012601
0.000343824
0.000700824
0.00137021
0.00230059
0.00383014
0.00636498
0.0088418
0.0133855
0.0177601
0.0245699
0.0315481
0.0416744
0.0512383
0.0632832
0.0746328
0.089411
0.104828
0.120977
0.138491
0.157207
0.17569
0.195207
0.216324
0.237339
0.258858
0.28036
0.302169
0.325203
0.346864
0.00188455
0.00187851
0.00186711
0.00185021
0.00182502
0.00179276
0.00175375
0.00171175
0.00166115
0.0016078
0.00154971
0.00148831
0.00142141
0.00135206
0.00128163
0.00120912
0.00113293
0.0010572
0.000981016
0.000905137
0.000829853
0.000755644
0.000682467
0.000612065
0.000543898
0.000477548
0.000414176
0.000355825
0.00029999
0.0002494
0.000202902
0.000162363
0.000127813
9.5376e-05
6.97178e-05
5.03667e-05
3.35842e-05
2.15771e-05
1.36431e-05
7.67045e-06
4.80949e-06
2.78451e-06
1.22519e-06
8.63022e-07
5.43295e-07
4.22439e-07
3.71913e-07
3.68816e-07
3.67765e-07
3.67511e-07
3.67709e-07
3.6764e-07
3.67632e-07
3.67692e-07
3.67845e-07
3.68164e-07
3.68752e-07
3.70278e-07
3.73228e-07
3.77621e-07
3.82155e-07
3.87511e-07
4.08333e-07
4.28408e-07
-3.89239e-07
-1.58076e-07
2.05132e-06
8.65492e-06
1.52573e-05
2.63102e-05
9.80267e-05
0.000172571
0.000464124
0.000608195
0.00154358
0.00271793
0.00395996
0.0055523
0.00922039
0.0132248
0.0185677
0.0241938
0.0309128
0.0404418
0.0497501
0.0609166
0.0727072
0.0868163
0.103015
0.11886
0.1347
0.153303
0.172418
0.19111
0.211252
0.23278
0.253731
0.275651
0.297412
0.318895
0.00185556
0.00185121
0.00184072
0.0018202
0.00179495
0.00176726
0.00173263
0.00168872
0.00164249
0.00159021
0.0015353
0.00147501
0.00141249
0.00134548
0.00127801
0.0012087
0.00113646
0.00106436
0.000991101
0.000917762
0.000845186
0.000773478
0.000702249
0.00063265
0.000566302
0.000501884
0.000439067
0.000380754
0.000326672
0.000274153
0.000228044
0.0001855
0.000148518
0.000114889
8.59319e-05
6.18106e-05
4.48428e-05
3.17289e-05
1.9416e-05
1.19438e-05
7.43769e-06
4.1211e-06
2.39428e-06
1.31688e-06
6.98668e-07
4.66014e-07
3.82081e-07
3.69933e-07
3.74847e-07
3.69779e-07
3.67866e-07
3.67678e-07
3.677e-07
3.67762e-07
3.67907e-07
3.68203e-07
3.68882e-07
3.70039e-07
3.72287e-07
3.75135e-07
3.79642e-07
3.83119e-07
3.87425e-07
4.46377e-07
-1.40726e-07
-8.04487e-07
8.3961e-07
4.28385e-06
7.51428e-06
2.78428e-06
3.58733e-05
0.000111588
0.000287118
0.000347428
0.000758991
0.00153224
0.00258473
0.00386499
0.00629595
0.00878473
0.0131571
0.0176152
0.0228046
0.0310547
0.0391853
0.0489689
0.0602955
0.0724615
0.084861
0.0993562
0.115222
0.131657
0.149986
0.1686
0.187427
0.208134
0.227775
0.248944
0.270675
0.292042
0.00182936
0.00182486
0.00181379
0.00179611
0.0017745
0.00174621
0.00171072
0.00166915
0.00162466
0.00157546
0.00152281
0.00146628
0.00140578
0.0013424
0.00127652
0.00121077
0.00113936
0.00107015
0.0010005
0.000929821
0.000858443
0.00078971
0.000719565
0.000652909
0.000587219
0.000523564
0.000463489
0.000404819
0.000351096
0.000298532
0.000250858
0.000206854
0.000168398
0.00013507
0.000103184
7.78297e-05
5.6169e-05
4.1444e-05
2.74617e-05
1.72421e-05
1.09857e-05
6.76366e-06
3.47739e-06
2.31325e-06
1.39217e-06
6.10911e-07
5.26688e-07
4.04844e-07
3.84685e-07
3.73836e-07
3.69499e-07
3.68391e-07
3.67814e-07
3.67909e-07
3.67981e-07
3.68267e-07
3.68911e-07
3.69881e-07
3.71303e-07
3.7371e-07
3.76665e-07
3.80315e-07
3.88851e-07
4.74605e-07
-1.47073e-07
-6.8371e-07
7.76748e-07
2.52628e-06
2.69252e-06
1.90489e-06
6.038e-06
5.01594e-05
0.000159483
0.000139059
0.000504861
0.000941466
0.00167928
0.00246015
0.00392627
0.00614259
0.00962816
0.0132932
0.0174088
0.0233214
0.0299668
0.0385518
0.0485954
0.058355
0.0702781
0.0834993
0.0979361
0.113469
0.130005
0.146907
0.165732
0.184212
0.204051
0.224422
0.244979
0.265679
0.0018072
0.00180163
0.00179387
0.00177417
0.00175405
0.00172632
0.00169323
0.00165465
0.00161132
0.0015653
0.00151173
0.00145818
0.00140025
0.00133842
0.001276
0.00121016
0.00114397
0.00107617
0.00100782
0.00093936
0.000870854
0.000803356
0.000736348
0.000670228
0.000606625
0.000543719
0.000482985
0.000425812
0.000372204
0.000321333
0.000272735
0.000228767
0.000188679
0.000153447
0.000119938
9.43479e-05
7.00774e-05
5.05695e-05
3.67169e-05
2.38448e-05
1.53171e-05
1.0577e-05
5.75616e-06
3.51519e-06
2.25063e-06
1.32875e-06
7.14619e-07
5.21228e-07
4.28812e-07
3.7551e-07
3.68795e-07
3.69319e-07
3.68874e-07
3.68187e-07
3.68123e-07
3.6833e-07
3.68825e-07
3.69787e-07
3.70961e-07
3.73029e-07
3.7586e-07
3.79012e-07
3.95848e-07
4.78321e-07
9.8048e-08
6.68274e-09
1.15664e-07
1.18015e-06
1.85755e-06
1.98864e-06
4.94954e-06
2.41203e-05
8.39921e-05
8.46443e-05
0.000127944
0.000516748
0.000953295
0.00166563
0.00259565
0.00346073
0.00633493
0.00926315
0.0126524
0.0171691
0.0227745
0.0290353
0.037308
0.0462919
0.0560599
0.0690482
0.0816509
0.0944989
0.109996
0.126483
0.143246
0.161397
0.180564
0.199707
0.219607
0.239689
0.00178921
0.00178287
0.00177485
0.00175612
0.00173748
0.00171104
0.00167864
0.00164053
0.0015998
0.00155344
0.00150329
0.00145066
0.00139475
0.00133633
0.00127501
0.00121211
0.00114736
0.00108111
0.00101571
0.000947252
0.000881169
0.000816097
0.000749821
0.000686499
0.00062366
0.000561648
0.000502572
0.000446465
0.000391885
0.000341509
0.00029404
0.000248271
0.000207534
0.00016969
0.000136555
0.000108744
8.35216e-05
6.19604e-05
4.56427e-05
3.16525e-05
2.19169e-05
1.38242e-05
8.6828e-06
5.42196e-06
3.03029e-06
1.99037e-06
1.08568e-06
6.33607e-07
4.79553e-07
4.11546e-07
3.72055e-07
3.7477e-07
3.70161e-07
3.69035e-07
3.68487e-07
3.68412e-07
3.68795e-07
3.69507e-07
3.70615e-07
3.72514e-07
3.73464e-07
3.76862e-07
4.05852e-07
4.23017e-07
2.24556e-07
1.07155e-07
1.64738e-07
4.74655e-07
8.39586e-07
2.15541e-06
3.79826e-06
3.43712e-06
4.24461e-05
6.49094e-05
0.000112015
0.000253469
0.000552502
0.000891421
0.00165693
0.00252933
0.00386601
0.00628024
0.00924623
0.0128037
0.0167708
0.0226812
0.0288687
0.0368893
0.0458887
0.0554571
0.0681724
0.0794535
0.0924017
0.109001
0.124544
0.139899
0.158609
0.177959
0.196595
0.215826
0.00177397
0.00176674
0.00175998
0.00174299
0.00172227
0.00169822
0.00166572
0.00163061
0.0015918
0.00154593
0.00149846
0.00144539
0.00139083
0.00133396
0.00127441
0.00121229
0.00114931
0.00108564
0.0010203
0.000955352
0.000890105
0.000825223
0.000761281
0.000697422
0.000637137
0.000576373
0.00051773
0.000462216
0.00040833
0.000357519
0.000310325
0.00026502
0.000224182
0.000186591
0.000152723
0.000121612
9.55254e-05
7.3178e-05
5.46288e-05
3.88127e-05
2.8797e-05
1.77851e-05
1.18917e-05
7.23781e-06
4.69235e-06
2.56109e-06
1.67683e-06
1.17084e-06
5.85354e-07
5.25976e-07
4.18618e-07
3.84935e-07
3.74325e-07
3.71398e-07
3.69598e-07
3.69323e-07
3.68959e-07
3.69352e-07
3.70408e-07
3.71572e-07
3.72621e-07
3.72671e-07
4.01239e-07
3.77727e-07
3.16921e-07
1.93179e-07
1.70296e-07
2.25318e-07
3.87733e-07
1.56775e-06
2.51744e-06
6.98364e-07
1.19226e-05
3.4384e-05
6.08387e-05
0.000129921
0.000245353
0.000489153
0.00109098
0.00160269
0.00258462
0.00398247
0.00622855
0.00862253
0.0125569
0.0164656
0.021807
0.0289299
0.0360464
0.0438296
0.0556007
0.0658935
0.0792115
0.0923373
0.105995
0.121612
0.138055
0.15605
0.174411
0.193153
0.00176276
0.00175818
0.00174887
0.00173314
0.00171224
0.00168822
0.00165685
0.00162371
0.00158304
0.00153853
0.00149171
0.00144159
0.00138882
0.0013322
0.00127429
0.0012135
0.0011519
0.00108945
0.0010253
0.00096107
0.000897389
0.000833763
0.000770759
0.000709072
0.00064703
0.000588232
0.0005313
0.000475882
0.000422217
0.000372189
0.000324926
0.000278212
0.000238062
0.000200254
0.000164356
0.000133966
0.000107141
8.36017e-05
6.32609e-05
4.63195e-05
3.35599e-05
2.21073e-05
1.48154e-05
1.0051e-05
6.48609e-06
4.06949e-06
2.10409e-06
1.40231e-06
9.08693e-07
6.09862e-07
4.75913e-07
4.07783e-07
3.87623e-07
3.74933e-07
3.71047e-07
3.70303e-07
3.69499e-07
3.69654e-07
3.70181e-07
3.71219e-07
3.72028e-07
3.72504e-07
3.94454e-07
3.91168e-07
3.39589e-07
2.07066e-07
2.5655e-07
3.42237e-07
3.0811e-07
9.11524e-07
9.04403e-07
-1.30631e-06
8.06714e-06
1.59403e-05
4.03291e-05
7.46323e-05
0.000124293
0.000269473
0.000543061
0.000935151
0.00160058
0.00245701
0.00404279
0.00600506
0.00880596
0.0117432
0.015807
0.021317
0.0280408
0.0343757
0.0429008
0.0533016
0.0641042
0.076264
0.0882774
0.103141
0.119127
0.134742
0.15258
0.170448
0.00175564
0.00175104
0.00174124
0.00172894
0.00170792
0.00168379
0.00165227
0.00161884
0.00158046
0.00153694
0.00148993
0.00144015
0.00138731
0.00133117
0.00127432
0.00121451
0.0011532
0.00109134
0.00102855
0.000964869
0.000901266
0.000838828
0.000775824
0.000714014
0.000652938
0.000594182
0.000537775
0.000483079
0.000429761
0.000379687
0.000332375
0.000285744
0.00024538
0.000207111
0.000171267
0.000140831
0.000112792
8.90043e-05
6.76286e-05
5.01284e-05
3.64934e-05
2.61678e-05
1.83159e-05
1.16237e-05
7.23169e-06
4.62305e-06
2.61364e-06
1.72266e-06
1.05679e-06
6.70019e-07
5.37411e-07
4.48866e-07
3.94978e-07
3.80111e-07
3.73325e-07
3.70644e-07
3.69923e-07
3.6982e-07
3.70299e-07
3.70658e-07
3.71372e-07
3.73053e-07
3.87992e-07
3.99214e-07
3.66262e-07
2.53684e-07
3.05856e-07
4.07296e-07
1.30766e-07
4.16455e-07
9.09918e-07
-1.66076e-06
3.16038e-06
1.11368e-05
1.48958e-05
5.13556e-05
7.70787e-05
0.000124844
0.000361486
0.000656274
0.000949544
0.0018038
0.00259406
0.00367149
0.00625738
0.00866679
0.0116457
0.0164869
0.0210921
0.0278915
0.0345368
0.0418749
0.0528618
0.0634936
0.0746977
0.0882576
0.101345
0.116968
0.131692
0.149217
0.0017519
0.00174695
0.00173796
0.00172408
0.0017038
0.00167967
0.00164987
0.00161503
0.00157718
0.00153424
0.00148766
0.00143883
0.00138609
0.0013309
0.00127405
0.00121484
0.00115425
0.00109243
0.00103014
0.000967287
0.000903713
0.000841524
0.000779793
0.000718608
0.000658847
0.000600005
0.000542832
0.00048777
0.000434341
0.000384919
0.000338092
0.000293157
0.000251646
0.000212695
0.000176149
0.00014571
0.00011778
9.30179e-05
7.25403e-05
5.44542e-05
4.00122e-05
2.87898e-05
1.93838e-05
1.29666e-05
8.54131e-06
5.24826e-06
3.34109e-06
2.03588e-06
1.16779e-06
8.13326e-07
5.7977e-07
4.67123e-07
4.17485e-07
3.85655e-07
3.7532e-07
3.71907e-07
3.70247e-07
3.69954e-07
3.70187e-07
3.70563e-07
3.70877e-07
3.74485e-07
3.80516e-07
3.92255e-07
3.62974e-07
3.07391e-07
3.64401e-07
2.19357e-07
-1.40776e-07
1.11683e-06
9.73608e-07
-1.52317e-06
2.64125e-06
4.66617e-06
-1.29774e-06
3.01081e-05
6.19572e-05
4.66777e-05
0.000177428
0.000386442
0.000609878
0.00108446
0.00175872
0.00270645
0.00409262
0.0059757
0.00890698
0.0119428
0.0150046
0.0214778
0.0279596
0.0326541
0.0418527
0.052497
0.062347
0.0732992
0.0852382
0.100739
0.115344
0.129206
